2.9 0.30000000000000004
2.901 0.3002
2.9019999999999997 0.3004
2.9029999999999996 0.3006
2.9039999999999995 0.30079999999999996
2.9049999999999994 0.30099999999999993
2.9059999999999993 0.3011999999999999
2.906999999999999 0.3013999999999999
2.907999999999999 0.30159999999999987
2.908999999999999 0.30179999999999985
2.909999999999999 0.3019999999999998
2.9109999999999987 0.3021999999999998
2.9119999999999986 0.3023999999999998
2.9129999999999985 0.30259999999999976
2.9139999999999984 0.30279999999999974
2.9149999999999983 0.3029999999999997
2.915999999999998 0.3031999999999997
2.916999999999998 0.30339999999999967
2.917999999999998 0.30359999999999965
2.918999999999998 0.3037999999999996
2.9199999999999977 0.3039999999999996
2.9209999999999976 0.3041999999999996
2.9219999999999975 0.30439999999999956
2.9229999999999974 0.30459999999999954
2.9239999999999973 0.3047999999999995
2.924999999999997 0.3049999999999995
2.925999999999997 0.30519999999999947
2.926999999999997 0.30539999999999945
2.927999999999997 0.3055999999999994
2.9289999999999967 0.3057999999999994
2.9299999999999966 0.3059999999999994
2.9309999999999965 0.30619999999999936
2.9319999999999964 0.30639999999999934
2.9329999999999963 0.3065999999999993
2.933999999999996 0.3067999999999993
2.934999999999996 0.3069999999999993
2.935999999999996 0.30719999999999925
2.936999999999996 0.30739999999999923
2.9379999999999957 0.3075999999999992
2.9389999999999956 0.3077999999999992
2.9399999999999955 0.30799999999999916
2.9409999999999954 0.30819999999999914
2.9419999999999953 0.3083999999999991
2.942999999999995 0.3085999999999991
2.943999999999995 0.3087999999999991
2.944999999999995 0.30899999999999905
2.945999999999995 0.30919999999999903
2.9469999999999947 0.309399999999999
2.9479999999999946 0.309599999999999
2.9489999999999945 0.30979999999999897
2.9499999999999944 0.30999999999999894
2.9509999999999943 0.3101999999999989
2.951999999999994 0.3103999999999989
2.952999999999994 0.3105999999999989
2.953999999999994 0.31079999999999885
2.954999999999994 0.31099999999999883
2.9559999999999937 0.3111999999999988
2.9569999999999936 0.3113999999999988
2.9579999999999935 0.31159999999999877
2.9589999999999934 0.31179999999999874
2.9599999999999933 0.3119999999999987
2.960999999999993 0.3121999999999987
2.961999999999993 0.3123999999999987
2.962999999999993 0.31259999999999866
2.963999999999993 0.31279999999999863
2.9649999999999928 0.3129999999999986
2.9659999999999926 0.3131999999999986
2.9669999999999925 0.31339999999999857
2.9679999999999924 0.31359999999999855
2.9689999999999923 0.3137999999999985
2.969999999999992 0.3139999999999985
2.970999999999992 0.3141999999999985
2.971999999999992 0.31439999999999846
2.972999999999992 0.31459999999999844
2.9739999999999918 0.3147999999999984
2.9749999999999917 0.3149999999999984
2.9759999999999915 0.31519999999999837
2.9769999999999914 0.31539999999999835
2.9779999999999913 0.3155999999999983
2.978999999999991 0.3157999999999983
2.979999999999991 0.3159999999999983
2.980999999999991 0.31619999999999826
2.981999999999991 0.31639999999999824
2.9829999999999908 0.3165999999999982
2.9839999999999907 0.3167999999999982
2.9849999999999905 0.31699999999999817
2.9859999999999904 0.31719999999999815
2.9869999999999903 0.31739999999999813
2.98799999999999 0.3175999999999981
2.98899999999999 0.3177999999999981
2.98999999999999 0.31799999999999806
2.99099999999999 0.31819999999999804
2.99199999999999 0.318399999999998
2.9929999999999897 0.318599999999998
2.9939999999999896 0.318799999999998
2.9949999999999894 0.31899999999999795
2.9959999999999893 0.31919999999999793
2.9969999999999892 0.3193999999999979
2.997999999999989 0.3195999999999979
2.998999999999989 0.31979999999999786
2.999999999999989 0.31999999999999784
3.000999999999989 0.3201999999999978
3.0019999999999887 0.3203999999999978
3.0029999999999886 0.3205999999999978
3.0039999999999885 0.32079999999999775
3.0049999999999883 0.32099999999999773
3.0059999999999882 0.3211999999999977
3.006999999999988 0.3213999999999977
3.007999999999988 0.32159999999999767
3.008999999999988 0.32179999999999764
3.009999999999988 0.3219999999999976
3.0109999999999877 0.3221999999999976
3.0119999999999876 0.3223999999999976
3.0129999999999875 0.32259999999999756
3.0139999999999874 0.32279999999999753
3.0149999999999872 0.3229999999999975
3.015999999999987 0.3231999999999975
3.016999999999987 0.32339999999999747
3.017999999999987 0.32359999999999745
3.018999999999987 0.3237999999999974
3.0199999999999867 0.3239999999999974
3.0209999999999866 0.3241999999999974
3.0219999999999865 0.32439999999999736
3.0229999999999864 0.32459999999999734
3.0239999999999863 0.3247999999999973
3.024999999999986 0.3249999999999973
3.025999999999986 0.32519999999999727
3.026999999999986 0.32539999999999725
3.027999999999986 0.3255999999999972
3.0289999999999857 0.3257999999999972
3.0299999999999856 0.3259999999999972
3.0309999999999855 0.32619999999999716
3.0319999999999854 0.32639999999999714
3.0329999999999853 0.3265999999999971
3.033999999999985 0.3267999999999971
3.034999999999985 0.32699999999999707
3.035999999999985 0.32719999999999705
3.036999999999985 0.327399999999997
3.0379999999999847 0.327599999999997
3.0389999999999846 0.327799999999997
3.0399999999999845 0.32799999999999696
3.0409999999999844 0.32819999999999694
3.0419999999999843 0.3283999999999969
3.042999999999984 0.3285999999999969
3.043999999999984 0.3287999999999969
3.044999999999984 0.32899999999999685
3.045999999999984 0.32919999999999683
3.0469999999999837 0.3293999999999968
3.0479999999999836 0.3295999999999968
3.0489999999999835 0.32979999999999676
3.0499999999999834 0.32999999999999674
3.0509999999999833 0.3301999999999967
3.051999999999983 0.3303999999999967
3.052999999999983 0.3305999999999967
3.053999999999983 0.33079999999999665
3.054999999999983 0.33099999999999663
3.0559999999999827 0.3311999999999966
3.0569999999999826 0.3313999999999966
3.0579999999999825 0.33159999999999656
3.0589999999999824 0.33179999999999654
3.0599999999999823 0.3319999999999965
3.060999999999982 0.3321999999999965
3.061999999999982 0.3323999999999965
3.062999999999982 0.33259999999999645
3.063999999999982 0.33279999999999643
3.0649999999999817 0.3329999999999964
3.0659999999999816 0.3331999999999964
3.0669999999999815 0.33339999999999637
3.0679999999999814 0.33359999999999634
3.0689999999999813 0.3337999999999963
3.069999999999981 0.3339999999999963
3.070999999999981 0.3341999999999963
3.071999999999981 0.33439999999999626
3.072999999999981 0.33459999999999623
3.0739999999999807 0.3347999999999962
3.0749999999999806 0.3349999999999962
3.0759999999999805 0.33519999999999617
3.0769999999999804 0.33539999999999615
3.0779999999999803 0.3355999999999961
3.07899999999998 0.3357999999999961
3.07999999999998 0.3359999999999961
3.08099999999998 0.33619999999999606
3.08199999999998 0.33639999999999604
3.0829999999999798 0.336599999999996
3.0839999999999796 0.336799999999996
3.0849999999999795 0.33699999999999597
3.0859999999999794 0.33719999999999595
3.0869999999999793 0.3373999999999959
3.087999999999979 0.3375999999999959
3.088999999999979 0.3377999999999959
3.089999999999979 0.33799999999999586
3.090999999999979 0.33819999999999584
3.0919999999999788 0.3383999999999958
3.0929999999999787 0.3385999999999958
3.0939999999999785 0.33879999999999577
3.0949999999999784 0.33899999999999575
3.0959999999999783 0.3391999999999957
3.096999999999978 0.3393999999999957
3.097999999999978 0.3395999999999957
3.098999999999978 0.33979999999999566
3.099999999999978 0.33999999999999564
3.1009999999999778 0.3401999999999956
3.1019999999999777 0.3403999999999956
3.1029999999999776 0.3405999999999956
3.1039999999999774 0.34079999999999555
3.1049999999999773 0.34099999999999553
3.1059999999999772 0.3411999999999955
3.106999999999977 0.3413999999999955
3.107999999999977 0.34159999999999546
3.108999999999977 0.34179999999999544
3.109999999999977 0.3419999999999954
3.1109999999999767 0.3421999999999954
3.1119999999999766 0.3423999999999954
3.1129999999999765 0.34259999999999535
3.1139999999999763 0.34279999999999533
3.1149999999999762 0.3429999999999953
3.115999999999976 0.3431999999999953
3.116999999999976 0.34339999999999526
3.117999999999976 0.34359999999999524
3.118999999999976 0.3437999999999952
3.1199999999999757 0.3439999999999952
3.1209999999999756 0.3441999999999952
3.1219999999999755 0.34439999999999515
3.1229999999999754 0.34459999999999513
3.1239999999999752 0.3447999999999951
3.124999999999975 0.3449999999999951
3.125999999999975 0.34519999999999507
3.126999999999975 0.34539999999999504
3.127999999999975 0.345599999999995
3.1289999999999747 0.345799999999995
3.1299999999999746 0.345999999999995
3.1309999999999745 0.34619999999999496
3.1319999999999744 0.34639999999999493
3.1329999999999742 0.3465999999999949
3.133999999999974 0.3467999999999949
3.134999999999974 0.34699999999999487
3.135999999999974 0.34719999999999485
3.136999999999974 0.3473999999999948
3.1379999999999737 0.3475999999999948
3.1389999999999736 0.3477999999999948
3.1399999999999735 0.34799999999999476
3.1409999999999734 0.34819999999999474
3.1419999999999733 0.3483999999999947
3.142999999999973 0.3485999999999947
3.143999999999973 0.34879999999999467
3.144999999999973 0.34899999999999465
3.145999999999973 0.3491999999999946
3.1469999999999727 0.3493999999999946
3.1479999999999726 0.3495999999999946
3.1489999999999725 0.34979999999999456
3.1499999999999724 0.34999999999999454
3.1509999999999723 0.3501999999999945
3.151999999999972 0.3503999999999945
3.152999999999972 0.35059999999999447
3.153999999999972 0.35079999999999445
3.154999999999972 0.3509999999999944
3.1559999999999717 0.3511999999999944
3.1569999999999716 0.3513999999999944
3.1579999999999715 0.35159999999999436
3.1589999999999714 0.35179999999999434
3.1599999999999713 0.3519999999999943
3.160999999999971 0.3521999999999943
3.161999999999971 0.3523999999999943
3.162999999999971 0.35259999999999425
3.163999999999971 0.35279999999999423
3.1649999999999707 0.3529999999999942
3.1659999999999706 0.3531999999999942
3.1669999999999705 0.35339999999999416
3.1679999999999704 0.35359999999999414
3.1689999999999703 0.3537999999999941
3.16999999999997 0.3539999999999941
3.17099999999997 0.3541999999999941
3.17199999999997 0.35439999999999405
3.17299999999997 0.35459999999999403
3.1739999999999697 0.354799999999994
3.1749999999999696 0.354999999999994
3.1759999999999695 0.35519999999999397
3.1769999999999694 0.35539999999999394
3.1779999999999693 0.3555999999999939
3.178999999999969 0.3557999999999939
3.179999999999969 0.3559999999999939
3.180999999999969 0.35619999999999385
3.181999999999969 0.35639999999999383
3.1829999999999687 0.3565999999999938
3.1839999999999686 0.3567999999999938
3.1849999999999685 0.35699999999999377
3.1859999999999684 0.35719999999999374
3.1869999999999683 0.3573999999999937
3.187999999999968 0.3575999999999937
3.188999999999968 0.3577999999999937
3.189999999999968 0.35799999999999366
3.190999999999968 0.35819999999999363
3.1919999999999678 0.3583999999999936
3.1929999999999676 0.3585999999999936
3.1939999999999675 0.35879999999999357
3.1949999999999674 0.35899999999999355
3.1959999999999673 0.3591999999999935
3.196999999999967 0.3593999999999935
3.197999999999967 0.3595999999999935
3.198999999999967 0.35979999999999346
3.199999999999967 0.35999999999999344
3.2009999999999668 0.3601999999999934
3.2019999999999667 0.3603999999999934
3.2029999999999665 0.36059999999999337
3.2039999999999664 0.36079999999999335
3.2049999999999663 0.3609999999999933
3.205999999999966 0.3611999999999933
3.206999999999966 0.3613999999999933
3.207999999999966 0.36159999999999326
3.208999999999966 0.36179999999999324
3.2099999999999658 0.3619999999999932
3.2109999999999657 0.3621999999999932
3.2119999999999655 0.36239999999999317
3.2129999999999654 0.36259999999999315
3.2139999999999653 0.36279999999999313
3.214999999999965 0.3629999999999931
3.215999999999965 0.3631999999999931
3.216999999999965 0.36339999999999306
3.217999999999965 0.36359999999999304
3.218999999999965 0.363799999999993
3.2199999999999647 0.363999999999993
3.2209999999999646 0.364199999999993
3.2219999999999644 0.36439999999999295
3.2229999999999643 0.36459999999999293
3.2239999999999642 0.3647999999999929
3.224999999999964 0.3649999999999929
3.225999999999964 0.36519999999999286
3.226999999999964 0.36539999999999284
3.227999999999964 0.3655999999999928
3.2289999999999637 0.3657999999999928
3.2299999999999636 0.3659999999999928
3.2309999999999635 0.36619999999999275
3.2319999999999633 0.36639999999999273
3.2329999999999632 0.3665999999999927
3.233999999999963 0.3667999999999927
3.234999999999963 0.36699999999999267
3.235999999999963 0.36719999999999264
3.236999999999963 0.3673999999999926
3.2379999999999627 0.3675999999999926
3.2389999999999626 0.3677999999999926
3.2399999999999625 0.36799999999999256
3.2409999999999624 0.36819999999999253
3.2419999999999622 0.3683999999999925
3.242999999999962 0.3685999999999925
3.243999999999962 0.36879999999999247
3.244999999999962 0.36899999999999245
3.245999999999962 0.3691999999999924
3.2469999999999617 0.3693999999999924
3.2479999999999616 0.3695999999999924
3.2489999999999615 0.36979999999999236
3.2499999999999614 0.36999999999999234
3.2509999999999613 0.3701999999999923
3.251999999999961 0.3703999999999923
3.252999999999961 0.37059999999999227
3.253999999999961 0.37079999999999225
3.254999999999961 0.3709999999999922
3.2559999999999607 0.3711999999999922
3.2569999999999606 0.3713999999999922
3.2579999999999605 0.37159999999999216
3.2589999999999604 0.37179999999999214
3.2599999999999603 0.3719999999999921
3.26099999999996 0.3721999999999921
3.26199999999996 0.37239999999999207
3.26299999999996 0.37259999999999205
3.26399999999996 0.372799999999992
3.2649999999999597 0.372999999999992
3.2659999999999596 0.373199999999992
3.2669999999999595 0.37339999999999196
3.2679999999999594 0.37359999999999194
3.2689999999999593 0.3737999999999919
3.269999999999959 0.3739999999999919
3.270999999999959 0.3741999999999919
3.271999999999959 0.37439999999999185
3.272999999999959 0.37459999999999183
3.2739999999999587 0.3747999999999918
3.2749999999999586 0.3749999999999918
3.2759999999999585 0.37519999999999176
3.2769999999999584 0.37539999999999174
3.2779999999999583 0.3755999999999917
3.278999999999958 0.3757999999999917
3.279999999999958 0.3759999999999917
3.280999999999958 0.37619999999999165
3.281999999999958 0.37639999999999163
3.2829999999999577 0.3765999999999916
3.2839999999999576 0.3767999999999916
3.2849999999999575 0.37699999999999156
3.2859999999999574 0.37719999999999154
3.2869999999999573 0.3773999999999915
3.287999999999957 0.3775999999999915
3.288999999999957 0.3777999999999915
3.289999999999957 0.37799999999999145
3.290999999999957 0.37819999999999143
3.2919999999999567 0.3783999999999914
3.2929999999999566 0.3785999999999914
3.2939999999999565 0.37879999999999137
3.2949999999999564 0.37899999999999134
3.2959999999999563 0.3791999999999913
3.296999999999956 0.3793999999999913
3.297999999999956 0.3795999999999913
3.298999999999956 0.37979999999999126
3.299999999999956 0.37999999999999123
3.3009999999999557 0.3801999999999912
3.3019999999999556 0.3803999999999912
3.3029999999999555 0.38059999999999117
3.3039999999999554 0.38079999999999115
3.3049999999999553 0.3809999999999911
3.305999999999955 0.3811999999999911
3.306999999999955 0.3813999999999911
3.307999999999955 0.38159999999999106
3.308999999999955 0.38179999999999104
3.3099999999999548 0.381999999999991
3.3109999999999546 0.382199999999991
3.3119999999999545 0.38239999999999097
3.3129999999999544 0.38259999999999095
3.3139999999999543 0.3827999999999909
3.314999999999954 0.3829999999999909
3.315999999999954 0.3831999999999909
3.316999999999954 0.38339999999999086
3.317999999999954 0.38359999999999084
3.3189999999999538 0.3837999999999908
3.3199999999999537 0.3839999999999908
3.3209999999999535 0.38419999999999077
3.3219999999999534 0.38439999999999075
3.3229999999999533 0.3845999999999907
3.323999999999953 0.3847999999999907
3.324999999999953 0.3849999999999907
3.325999999999953 0.38519999999999066
3.326999999999953 0.38539999999999064
3.3279999999999528 0.3855999999999906
3.3289999999999527 0.3857999999999906
3.3299999999999526 0.3859999999999906
3.3309999999999524 0.38619999999999055
3.3319999999999523 0.38639999999999053
3.3329999999999522 0.3865999999999905
3.333999999999952 0.3867999999999905
3.334999999999952 0.38699999999999046
3.335999999999952 0.38719999999999044
3.336999999999952 0.3873999999999904
3.3379999999999517 0.3875999999999904
3.3389999999999516 0.3877999999999904
3.3399999999999515 0.38799999999999035
3.3409999999999513 0.38819999999999033
3.3419999999999512 0.3883999999999903
3.342999999999951 0.3885999999999903
3.343999999999951 0.38879999999999026
3.344999999999951 0.38899999999999024
3.345999999999951 0.3891999999999902
3.3469999999999507 0.3893999999999902
3.3479999999999506 0.3895999999999902
3.3489999999999505 0.38979999999999015
3.3499999999999504 0.38999999999999013
3.3509999999999502 0.3901999999999901
3.35199999999995 0.3903999999999901
3.35299999999995 0.39059999999999007
3.35399999999995 0.39079999999999004
3.35499999999995 0.39099999999999
3.3559999999999497 0.39119999999999
3.3569999999999496 0.39139999999999
3.3579999999999495 0.39159999999998996
3.3589999999999494 0.39179999999998993
3.3599999999999492 0.3919999999999899
3.360999999999949 0.3921999999999899
3.361999999999949 0.39239999999998987
3.362999999999949 0.39259999999998985
3.363999999999949 0.3927999999999898
3.3649999999999487 0.3929999999999898
3.3659999999999486 0.3931999999999898
3.3669999999999485 0.39339999999998976
3.3679999999999484 0.39359999999998974
3.3689999999999483 0.3937999999999897
3.369999999999948 0.3939999999999897
3.370999999999948 0.39419999999998967
3.371999999999948 0.39439999999998965
3.372999999999948 0.3945999999999896
3.3739999999999477 0.3947999999999896
3.3749999999999476 0.3949999999999896
3.3759999999999475 0.39519999999998956
3.3769999999999474 0.39539999999998954
3.3779999999999473 0.3955999999999895
3.378999999999947 0.3957999999999895
3.379999999999947 0.39599999999998947
3.380999999999947 0.39619999999998945
3.381999999999947 0.3963999999999894
3.3829999999999467 0.3965999999999894
3.3839999999999466 0.3967999999999894
3.3849999999999465 0.39699999999998936
3.3859999999999464 0.39719999999998934
3.3869999999999463 0.3973999999999893
3.387999999999946 0.3975999999999893
3.388999999999946 0.3977999999999893
3.389999999999946 0.39799999999998925
3.390999999999946 0.39819999999998923
3.3919999999999457 0.3983999999999892
3.3929999999999456 0.3985999999999892
3.3939999999999455 0.39879999999998916
3.3949999999999454 0.39899999999998914
3.3959999999999453 0.3991999999999891
3.396999999999945 0.3993999999999891
3.397999999999945 0.3995999999999891
3.398999999999945 0.39979999999998905
3.399999999999945 0.39999999999998903
3.4009999999999447 0.400199999999989
3.4019999999999446 0.400399999999989
3.4029999999999445 0.40059999999998896
3.4039999999999444 0.40079999999998894
3.4049999999999443 0.4009999999999889
3.405999999999944 0.4011999999999889
3.406999999999944 0.4013999999999889
3.407999999999944 0.40159999999998885
3.408999999999944 0.40179999999998883
3.4099999999999437 0.4019999999999888
3.4109999999999436 0.4021999999999888
3.4119999999999435 0.40239999999998877
3.4129999999999434 0.40259999999998874
3.4139999999999433 0.4027999999999887
3.414999999999943 0.4029999999999887
3.415999999999943 0.4031999999999887
3.416999999999943 0.40339999999998866
3.417999999999943 0.40359999999998863
3.4189999999999428 0.4037999999999886
3.4199999999999426 0.4039999999999886
3.4209999999999425 0.40419999999998857
3.4219999999999424 0.40439999999998855
3.4229999999999423 0.4045999999999885
3.423999999999942 0.4047999999999885
3.424999999999942 0.4049999999999885
3.425999999999942 0.40519999999998846
3.426999999999942 0.40539999999998844
3.4279999999999418 0.4055999999999884
3.4289999999999417 0.4057999999999884
3.4299999999999415 0.40599999999998837
3.4309999999999414 0.40619999999998835
3.4319999999999413 0.4063999999999883
3.432999999999941 0.4065999999999883
3.433999999999941 0.4067999999999883
3.434999999999941 0.40699999999998826
3.435999999999941 0.40719999999998824
3.4369999999999408 0.4073999999999882
3.4379999999999407 0.4075999999999882
3.4389999999999405 0.40779999999998817
3.4399999999999404 0.40799999999998815
3.4409999999999403 0.40819999999998813
3.44199999999994 0.4083999999999881
3.44299999999994 0.4085999999999881
3.44399999999994 0.40879999999998806
3.44499999999994 0.40899999999998804
3.4459999999999398 0.409199999999988
3.4469999999999397 0.409399999999988
3.4479999999999396 0.409599999999988
3.4489999999999394 0.40979999999998795
3.4499999999999393 0.40999999999998793
3.4509999999999392 0.4101999999999879
3.451999999999939 0.4103999999999879
3.452999999999939 0.41059999999998786
3.453999999999939 0.41079999999998784
3.454999999999939 0.4109999999999878
3.4559999999999387 0.4111999999999878
3.4569999999999386 0.4113999999999878
3.4579999999999385 0.41159999999998775
3.4589999999999383 0.41179999999998773
3.4599999999999382 0.4119999999999877
3.460999999999938 0.4121999999999877
3.461999999999938 0.41239999999998767
3.462999999999938 0.41259999999998764
3.463999999999938 0.4127999999999876
3.4649999999999377 0.4129999999999876
3.4659999999999376 0.4131999999999876
3.4669999999999375 0.41339999999998756
3.4679999999999374 0.41359999999998753
3.4689999999999372 0.4137999999999875
3.469999999999937 0.4139999999999875
3.470999999999937 0.41419999999998747
3.471999999999937 0.41439999999998745
3.472999999999937 0.4145999999999874
3.4739999999999367 0.4147999999999874
3.4749999999999366 0.4149999999999874
3.4759999999999365 0.41519999999998736
3.4769999999999364 0.41539999999998733
3.4779999999999363 0.4155999999999873
3.478999999999936 0.4157999999999873
3.479999999999936 0.41599999999998727
3.480999999999936 0.41619999999998725
3.481999999999936 0.4163999999999872
3.4829999999999357 0.4165999999999872
3.4839999999999356 0.4167999999999872
3.4849999999999355 0.41699999999998716
3.4859999999999354 0.41719999999998714
3.4869999999999353 0.4173999999999871
3.487999999999935 0.4175999999999871
3.488999999999935 0.41779999999998707
3.489999999999935 0.41799999999998705
3.490999999999935 0.418199999999987
3.4919999999999347 0.418399999999987
3.4929999999999346 0.418599999999987
3.4939999999999345 0.41879999999998696
3.4949999999999344 0.41899999999998694
3.4959999999999343 0.4191999999999869
3.496999999999934 0.4193999999999869
3.497999999999934 0.4195999999999869
3.498999999999934 0.41979999999998685
3.499999999999934 0.41999999999998683
3.5009999999999337 0.4201999999999868
3.5019999999999336 0.4203999999999868
3.5029999999999335 0.42059999999998676
3.5039999999999334 0.42079999999998674
3.5049999999999333 0.4209999999999867
3.505999999999933 0.4211999999999867
3.506999999999933 0.4213999999999867
3.507999999999933 0.42159999999998665
3.508999999999933 0.42179999999998663
3.5099999999999327 0.4219999999999866
3.5109999999999326 0.4221999999999866
3.5119999999999325 0.42239999999998656
3.5129999999999324 0.42259999999998654
3.5139999999999323 0.4227999999999865
3.514999999999932 0.4229999999999865
3.515999999999932 0.4231999999999865
3.516999999999932 0.42339999999998645
3.517999999999932 0.42359999999998643
3.5189999999999317 0.4237999999999864
3.5199999999999316 0.4239999999999864
3.5209999999999315 0.42419999999998637
3.5219999999999314 0.42439999999998634
3.5229999999999313 0.4245999999999863
3.523999999999931 0.4247999999999863
3.524999999999931 0.4249999999999863
3.525999999999931 0.42519999999998626
3.526999999999931 0.42539999999998623
3.5279999999999307 0.4255999999999862
3.5289999999999306 0.4257999999999862
3.5299999999999305 0.42599999999998617
3.5309999999999304 0.42619999999998615
3.5319999999999303 0.4263999999999861
3.53299999999993 0.4265999999999861
3.53399999999993 0.4267999999999861
3.53499999999993 0.42699999999998606
3.53599999999993 0.42719999999998604
3.5369999999999298 0.427399999999986
3.5379999999999296 0.427599999999986
3.5389999999999295 0.42779999999998597
3.5399999999999294 0.42799999999998595
3.5409999999999293 0.4281999999999859
3.541999999999929 0.4283999999999859
3.542999999999929 0.4285999999999859
3.543999999999929 0.42879999999998586
3.544999999999929 0.42899999999998584
3.5459999999999288 0.4291999999999858
3.5469999999999287 0.4293999999999858
3.5479999999999285 0.42959999999998577
3.5489999999999284 0.42979999999998575
3.5499999999999283 0.4299999999999857
3.550999999999928 0.4301999999999857
3.551999999999928 0.4303999999999857
3.552999999999928 0.43059999999998566
3.553999999999928 0.43079999999998564
3.5549999999999278 0.4309999999999856
3.5559999999999277 0.4311999999999856
3.5569999999999276 0.4313999999999856
3.5579999999999274 0.43159999999998555
3.5589999999999273 0.43179999999998553
3.5599999999999272 0.4319999999999855
3.560999999999927 0.4321999999999855
3.561999999999927 0.43239999999998546
3.562999999999927 0.43259999999998544
3.563999999999927 0.4327999999999854
3.5649999999999267 0.4329999999999854
3.5659999999999266 0.4331999999999854
3.5669999999999265 0.43339999999998535
3.5679999999999263 0.43359999999998533
3.5689999999999262 0.4337999999999853
3.569999999999926 0.4339999999999853
3.570999999999926 0.43419999999998526
3.571999999999926 0.43439999999998524
3.572999999999926 0.4345999999999852
3.5739999999999257 0.4347999999999852
3.5749999999999256 0.4349999999999852
3.5759999999999255 0.43519999999998515
3.5769999999999254 0.43539999999998513
3.5779999999999252 0.4355999999999851
3.578999999999925 0.4357999999999851
3.579999999999925 0.43599999999998507
3.580999999999925 0.43619999999998504
3.581999999999925 0.436399999999985
3.5829999999999247 0.436599999999985
3.5839999999999246 0.436799999999985
3.5849999999999245 0.43699999999998496
3.5859999999999244 0.43719999999998493
3.5869999999999242 0.4373999999999849
3.587999999999924 0.4375999999999849
3.588999999999924 0.43779999999998487
3.589999999999924 0.43799999999998485
3.590999999999924 0.4381999999999848
3.5919999999999237 0.4383999999999848
3.5929999999999236 0.4385999999999848
3.5939999999999235 0.43879999999998476
3.5949999999999234 0.43899999999998474
3.5959999999999233 0.4391999999999847
3.596999999999923 0.4393999999999847
3.597999999999923 0.43959999999998467
3.598999999999923 0.43979999999998465
3.599999999999923 0.4399999999999846
3.6009999999999227 0.4401999999999846
3.6019999999999226 0.4403999999999846
3.6029999999999225 0.44059999999998456
3.6039999999999224 0.44079999999998454
3.6049999999999223 0.4409999999999845
3.605999999999922 0.4411999999999845
3.606999999999922 0.44139999999998447
3.607999999999922 0.44159999999998445
3.608999999999922 0.4417999999999844
3.6099999999999217 0.4419999999999844
3.6109999999999216 0.4421999999999844
3.6119999999999215 0.44239999999998436
3.6129999999999214 0.44259999999998434
3.6139999999999213 0.4427999999999843
3.614999999999921 0.4429999999999843
3.615999999999921 0.4431999999999843
3.616999999999921 0.44339999999998425
3.617999999999921 0.44359999999998423
3.6189999999999207 0.4437999999999842
3.6199999999999206 0.4439999999999842
3.6209999999999205 0.44419999999998416
3.6219999999999204 0.44439999999998414
3.6229999999999203 0.4445999999999841
3.62399999999992 0.4447999999999841
3.62499999999992 0.4449999999999841
3.62599999999992 0.44519999999998405
3.62699999999992 0.44539999999998403
3.6279999999999197 0.445599999999984
3.6289999999999196 0.445799999999984
3.6299999999999195 0.44599999999998396
3.6309999999999194 0.44619999999998394
3.6319999999999193 0.4463999999999839
3.632999999999919 0.4465999999999839
3.633999999999919 0.4467999999999839
3.634999999999919 0.44699999999998385
3.635999999999919 0.44719999999998383
3.6369999999999187 0.4473999999999838
3.6379999999999186 0.4475999999999838
3.6389999999999185 0.44779999999998377
3.6399999999999184 0.44799999999998374
3.6409999999999183 0.4481999999999837
3.641999999999918 0.4483999999999837
3.642999999999918 0.4485999999999837
3.643999999999918 0.44879999999998366
3.644999999999918 0.44899999999998363
3.6459999999999178 0.4491999999999836
3.6469999999999176 0.4493999999999836
3.6479999999999175 0.44959999999998357
3.6489999999999174 0.44979999999998355
3.6499999999999173 0.4499999999999835
3.650999999999917 0.4501999999999835
3.651999999999917 0.4503999999999835
3.652999999999917 0.45059999999998346
3.653999999999917 0.45079999999998344
3.6549999999999168 0.4509999999999834
3.6559999999999166 0.4511999999999834
3.6569999999999165 0.45139999999998337
3.6579999999999164 0.45159999999998335
3.6589999999999163 0.4517999999999833
3.659999999999916 0.4519999999999833
3.660999999999916 0.4521999999999833
3.661999999999916 0.45239999999998326
3.662999999999916 0.45259999999998324
3.6639999999999158 0.4527999999999832
3.6649999999999157 0.4529999999999832
3.6659999999999155 0.45319999999998317
3.6669999999999154 0.45339999999998315
3.6679999999999153 0.45359999999998313
3.668999999999915 0.4537999999999831
3.669999999999915 0.4539999999999831
3.670999999999915 0.45419999999998306
3.671999999999915 0.45439999999998304
3.6729999999999148 0.454599999999983
3.6739999999999147 0.454799999999983
3.6749999999999146 0.454999999999983
3.6759999999999144 0.45519999999998295
3.6769999999999143 0.45539999999998293
3.6779999999999142 0.4555999999999829
3.678999999999914 0.4557999999999829
3.679999999999914 0.45599999999998286
3.680999999999914 0.45619999999998284
3.681999999999914 0.4563999999999828
3.6829999999999137 0.4565999999999828
3.6839999999999136 0.4567999999999828
3.6849999999999135 0.45699999999998275
3.6859999999999133 0.45719999999998273
3.6869999999999132 0.4573999999999827
3.687999999999913 0.4575999999999827
3.688999999999913 0.45779999999998267
3.689999999999913 0.45799999999998264
3.690999999999913 0.4581999999999826
3.6919999999999127 0.4583999999999826
3.6929999999999126 0.4585999999999826
3.6939999999999125 0.45879999999998256
3.6949999999999124 0.45899999999998253
3.6959999999999122 0.4591999999999825
3.696999999999912 0.4593999999999825
3.697999999999912 0.45959999999998247
3.698999999999912 0.45979999999998244
3.699999999999912 0.4599999999999824
3.7009999999999117 0.4601999999999824
3.7019999999999116 0.4603999999999824
3.7029999999999115 0.46059999999998236
3.7039999999999114 0.46079999999998233
3.7049999999999113 0.4609999999999823
3.705999999999911 0.4611999999999823
3.706999999999911 0.46139999999998227
3.707999999999911 0.46159999999998225
3.708999999999911 0.4617999999999822
3.7099999999999107 0.4619999999999822
3.7109999999999106 0.4621999999999822
3.7119999999999105 0.46239999999998216
3.7129999999999104 0.46259999999998214
3.7139999999999103 0.4627999999999821
3.71499999999991 0.4629999999999821
3.71599999999991 0.46319999999998207
3.71699999999991 0.46339999999998205
3.71799999999991 0.463599999999982
3.7189999999999097 0.463799999999982
3.7199999999999096 0.463999999999982
3.7209999999999095 0.46419999999998196
3.7219999999999094 0.46439999999998194
3.7229999999999093 0.4645999999999819
3.723999999999909 0.4647999999999819
3.724999999999909 0.4649999999999819
3.725999999999909 0.46519999999998185
3.726999999999909 0.46539999999998183
3.7279999999999087 0.4655999999999818
3.7289999999999086 0.4657999999999818
3.7299999999999085 0.46599999999998176
3.7309999999999084 0.46619999999998174
3.7319999999999083 0.4663999999999817
3.732999999999908 0.4665999999999817
3.733999999999908 0.4667999999999817
3.734999999999908 0.46699999999998165
3.735999999999908 0.46719999999998163
3.7369999999999077 0.4673999999999816
3.7379999999999076 0.4675999999999816
3.7389999999999075 0.46779999999998156
3.7399999999999074 0.46799999999998154
3.7409999999999073 0.4681999999999815
3.741999999999907 0.4683999999999815
3.742999999999907 0.4685999999999815
3.743999999999907 0.46879999999998145
3.744999999999907 0.46899999999998143
3.7459999999999067 0.4691999999999814
3.7469999999999066 0.4693999999999814
3.7479999999999065 0.46959999999998137
3.7489999999999064 0.46979999999998134
3.7499999999999063 0.4699999999999813
3.750999999999906 0.4701999999999813
3.751999999999906 0.4703999999999813
3.752999999999906 0.47059999999998126
3.753999999999906 0.47079999999998123
3.7549999999999057 0.4709999999999812
3.7559999999999056 0.4711999999999812
3.7569999999999055 0.47139999999998117
3.7579999999999054 0.47159999999998115
3.7589999999999053 0.4717999999999811
3.759999999999905 0.4719999999999811
3.760999999999905 0.4721999999999811
3.761999999999905 0.47239999999998106
3.762999999999905 0.47259999999998104
3.7639999999999048 0.472799999999981
3.7649999999999046 0.472999999999981
3.7659999999999045 0.47319999999998097
3.7669999999999044 0.47339999999998095
3.7679999999999043 0.4735999999999809
3.768999999999904 0.4737999999999809
3.769999999999904 0.4739999999999809
3.770999999999904 0.47419999999998086
3.771999999999904 0.47439999999998084
3.7729999999999038 0.4745999999999808
3.7739999999999037 0.4747999999999808
3.7749999999999035 0.47499999999998077
3.7759999999999034 0.47519999999998075
3.7769999999999033 0.4753999999999807
3.777999999999903 0.4755999999999807
3.778999999999903 0.4757999999999807
3.779999999999903 0.47599999999998066
3.780999999999903 0.47619999999998064
3.7819999999999028 0.4763999999999806
3.7829999999999027 0.4765999999999806
3.7839999999999026 0.4767999999999806
3.7849999999999024 0.47699999999998055
3.7859999999999023 0.47719999999998053
3.7869999999999022 0.4773999999999805
3.787999999999902 0.4775999999999805
3.788999999999902 0.47779999999998046
3.789999999999902 0.47799999999998044
3.790999999999902 0.4781999999999804
3.7919999999999017 0.4783999999999804
3.7929999999999016 0.4785999999999804
3.7939999999999015 0.47879999999998035
3.7949999999999013 0.47899999999998033
3.7959999999999012 0.4791999999999803
3.796999999999901 0.4793999999999803
3.797999999999901 0.47959999999998026
3.798999999999901 0.47979999999998024
3.799999999999901 0.4799999999999802
3.8009999999999007 0.4801999999999802
3.8019999999999006 0.4803999999999802
3.8029999999999005 0.48059999999998015
3.8039999999999003 0.48079999999998013
3.8049999999999002 0.4809999999999801
3.8059999999999 0.4811999999999801
3.8069999999999 0.48139999999998007
3.8079999999999 0.48159999999998004
3.8089999999999 0.48179999999998
3.8099999999998997 0.48199999999998
3.8109999999998996 0.48219999999998
3.8119999999998995 0.48239999999997996
3.8129999999998994 0.48259999999997993
3.8139999999998992 0.4827999999999799
3.814999999999899 0.4829999999999799
3.815999999999899 0.48319999999997987
3.816999999999899 0.48339999999997985
3.817999999999899 0.4835999999999798
3.8189999999998987 0.4837999999999798
3.8199999999998986 0.4839999999999798
3.8209999999998985 0.48419999999997976
3.8219999999998984 0.48439999999997974
3.8229999999998983 0.4845999999999797
3.823999999999898 0.4847999999999797
3.824999999999898 0.48499999999997967
3.825999999999898 0.48519999999997965
3.826999999999898 0.4853999999999796
3.8279999999998977 0.4855999999999796
3.8289999999998976 0.4857999999999796
3.8299999999998975 0.48599999999997956
3.8309999999998974 0.48619999999997954
3.8319999999998973 0.4863999999999795
3.832999999999897 0.4865999999999795
3.833999999999897 0.48679999999997947
3.834999999999897 0.48699999999997945
3.835999999999897 0.4871999999999794
3.8369999999998967 0.4873999999999794
3.8379999999998966 0.4875999999999794
3.8389999999998965 0.48779999999997936
3.8399999999998964 0.48799999999997934
3.8409999999998963 0.4881999999999793
3.841999999999896 0.4883999999999793
3.842999999999896 0.4885999999999793
3.843999999999896 0.48879999999997925
3.844999999999896 0.48899999999997923
3.8459999999998957 0.4891999999999792
3.8469999999998956 0.4893999999999792
3.8479999999998955 0.48959999999997916
3.8489999999998954 0.48979999999997914
3.8499999999998953 0.4899999999999791
3.850999999999895 0.4901999999999791
3.851999999999895 0.4903999999999791
3.852999999999895 0.49059999999997905
3.853999999999895 0.49079999999997903
3.8549999999998947 0.490999999999979
3.8559999999998946 0.491199999999979
3.8569999999998945 0.49139999999997896
3.8579999999998944 0.49159999999997894
3.8589999999998943 0.4917999999999789
3.859999999999894 0.4919999999999789
3.860999999999894 0.4921999999999789
3.861999999999894 0.49239999999997885
3.862999999999894 0.49259999999997883
3.8639999999998937 0.4927999999999788
3.8649999999998936 0.4929999999999788
3.8659999999998935 0.49319999999997877
3.8669999999998934 0.49339999999997874
3.8679999999998933 0.4935999999999787
3.868999999999893 0.4937999999999787
3.869999999999893 0.4939999999999787
3.870999999999893 0.49419999999997866
3.871999999999893 0.49439999999997863
3.8729999999998928 0.4945999999999786
3.8739999999998926 0.4947999999999786
3.8749999999998925 0.49499999999997857
3.8759999999998924 0.49519999999997855
3.8769999999998923 0.4953999999999785
3.877999999999892 0.4955999999999785
3.878999999999892 0.4957999999999785
3.879999999999892 0.49599999999997846
3.880999999999892 0.49619999999997844
3.8819999999998918 0.4963999999999784
3.8829999999998916 0.4965999999999784
3.8839999999998915 0.49679999999997837
3.8849999999998914 0.49699999999997835
3.8859999999998913 0.4971999999999783
3.886999999999891 0.4973999999999783
3.887999999999891 0.4975999999999783
3.888999999999891 0.49779999999997826
3.889999999999891 0.49799999999997824
3.8909999999998908 0.4981999999999782
3.8919999999998907 0.4983999999999782
3.8929999999998905 0.49859999999997817
3.8939999999998904 0.49879999999997815
3.8949999999998903 0.4989999999999781
3.89599999999989 0.4991999999999781
3.89699999999989 0.4993999999999781
3.89799999999989 0.49959999999997806
3.89899999999989 0.49979999999997804
3.8999999999998898 0.499999999999978
3.9009999999998897 0.500199999999978
3.9019999999998896 0.500399999999978
3.9029999999998894 0.500599999999978
3.9039999999998893 0.5007999999999779
3.9049999999998892 0.5009999999999779
3.905999999999889 0.5011999999999779
3.906999999999889 0.5013999999999779
3.907999999999889 0.5015999999999778
3.908999999999889 0.5017999999999778
3.9099999999998887 0.5019999999999778
3.9109999999998886 0.5021999999999778
3.9119999999998885 0.5023999999999778
3.9129999999998883 0.5025999999999777
3.9139999999998882 0.5027999999999777
3.914999999999888 0.5029999999999777
3.915999999999888 0.5031999999999777
3.916999999999888 0.5033999999999776
3.917999999999888 0.5035999999999776
3.9189999999998877 0.5037999999999776
3.9199999999998876 0.5039999999999776
3.9209999999998875 0.5041999999999776
3.9219999999998874 0.5043999999999775
3.9229999999998872 0.5045999999999775
3.923999999999887 0.5047999999999775
3.924999999999887 0.5049999999999775
3.925999999999887 0.5051999999999774
3.926999999999887 0.5053999999999774
3.9279999999998867 0.5055999999999774
3.9289999999998866 0.5057999999999774
3.9299999999998865 0.5059999999999774
3.9309999999998864 0.5061999999999773
3.9319999999998863 0.5063999999999773
3.932999999999886 0.5065999999999773
3.933999999999886 0.5067999999999773
3.934999999999886 0.5069999999999772
3.935999999999886 0.5071999999999772
3.9369999999998857 0.5073999999999772
3.9379999999998856 0.5075999999999772
3.9389999999998855 0.5077999999999772
3.9399999999998854 0.5079999999999771
3.9409999999998853 0.5081999999999771
3.941999999999885 0.5083999999999771
3.942999999999885 0.5085999999999771
3.943999999999885 0.508799999999977
3.944999999999885 0.508999999999977
3.9459999999998847 0.509199999999977
3.9469999999998846 0.509399999999977
3.9479999999998845 0.509599999999977
3.9489999999998844 0.5097999999999769
3.9499999999998843 0.5099999999999769
3.950999999999884 0.5101999999999769
3.951999999999884 0.5103999999999769
3.952999999999884 0.5105999999999769
3.953999999999884 0.5107999999999768
3.9549999999998837 0.5109999999999768
3.9559999999998836 0.5111999999999768
3.9569999999998835 0.5113999999999768
3.9579999999998834 0.5115999999999767
3.9589999999998833 0.5117999999999767
3.959999999999883 0.5119999999999767
3.960999999999883 0.5121999999999767
3.961999999999883 0.5123999999999767
3.962999999999883 0.5125999999999766
3.9639999999998827 0.5127999999999766
3.9649999999998826 0.5129999999999766
3.9659999999998825 0.5131999999999766
3.9669999999998824 0.5133999999999765
3.9679999999998823 0.5135999999999765
3.968999999999882 0.5137999999999765
3.969999999999882 0.5139999999999765
3.970999999999882 0.5141999999999765
3.971999999999882 0.5143999999999764
3.9729999999998817 0.5145999999999764
3.9739999999998816 0.5147999999999764
3.9749999999998815 0.5149999999999764
3.9759999999998814 0.5151999999999763
3.9769999999998813 0.5153999999999763
3.977999999999881 0.5155999999999763
3.978999999999881 0.5157999999999763
3.979999999999881 0.5159999999999763
3.980999999999881 0.5161999999999762
3.9819999999998807 0.5163999999999762
3.9829999999998806 0.5165999999999762
3.9839999999998805 0.5167999999999762
3.9849999999998804 0.5169999999999761
3.9859999999998803 0.5171999999999761
3.98699999999988 0.5173999999999761
3.98799999999988 0.5175999999999761
3.98899999999988 0.5177999999999761
3.98999999999988 0.517999999999976
3.9909999999998798 0.518199999999976
3.9919999999998796 0.518399999999976
3.9929999999998795 0.518599999999976
3.9939999999998794 0.518799999999976
3.9949999999998793 0.5189999999999759
3.995999999999879 0.5191999999999759
3.996999999999879 0.5193999999999759
3.997999999999879 0.5195999999999759
3.998999999999879 0.5197999999999758
3.9999999999998788 0.5199999999999758
