2.9 0.40000000000000013
2.901 0.4000999999999999
2.9019999999999997 0.4002000000000001
2.9029999999999996 0.4002999999999999
2.9039999999999995 0.4004000000000001
2.9049999999999994 0.40049999999999986
2.9059999999999993 0.40060000000000007
2.906999999999999 0.40069999999999983
2.907999999999999 0.40080000000000005
2.908999999999999 0.4008999999999998
2.909999999999999 0.401
2.9109999999999987 0.4010999999999998
2.9119999999999986 0.4012
2.9129999999999985 0.40129999999999977
2.9139999999999984 0.4014
2.9149999999999983 0.40149999999999975
2.915999999999998 0.40159999999999996
2.916999999999998 0.4016999999999997
2.917999999999998 0.40179999999999993
2.918999999999998 0.4018999999999997
2.9199999999999977 0.4019999999999999
2.9209999999999976 0.4020999999999997
2.9219999999999975 0.4021999999999999
2.9229999999999974 0.40229999999999966
2.9239999999999973 0.40239999999999987
2.924999999999997 0.40249999999999964
2.925999999999997 0.40259999999999985
2.926999999999997 0.4026999999999996
2.927999999999997 0.4027999999999998
2.9289999999999967 0.4028999999999996
2.9299999999999966 0.4029999999999998
2.9309999999999965 0.40309999999999957
2.9319999999999964 0.4031999999999998
2.9329999999999963 0.40329999999999955
2.933999999999996 0.40339999999999976
2.934999999999996 0.4034999999999995
2.935999999999996 0.40359999999999974
2.936999999999996 0.4036999999999995
2.9379999999999957 0.4037999999999997
2.9389999999999956 0.4038999999999995
2.9399999999999955 0.4039999999999997
2.9409999999999954 0.40409999999999946
2.9419999999999953 0.40419999999999967
2.942999999999995 0.40429999999999944
2.943999999999995 0.40439999999999965
2.944999999999995 0.4044999999999994
2.945999999999995 0.4045999999999996
2.9469999999999947 0.4046999999999994
2.9479999999999946 0.4047999999999996
2.9489999999999945 0.40489999999999937
2.9499999999999944 0.4049999999999996
2.9509999999999943 0.40509999999999935
2.951999999999994 0.40519999999999956
2.952999999999994 0.4052999999999993
2.953999999999994 0.40539999999999954
2.954999999999994 0.4054999999999993
2.9559999999999937 0.4055999999999995
2.9569999999999936 0.4056999999999993
2.9579999999999935 0.4057999999999995
2.9589999999999934 0.40589999999999926
2.9599999999999933 0.4059999999999995
2.960999999999993 0.40609999999999924
2.961999999999993 0.40619999999999945
2.962999999999993 0.4062999999999992
2.963999999999993 0.40639999999999943
2.9649999999999928 0.4064999999999992
2.9659999999999926 0.4065999999999994
2.9669999999999925 0.4066999999999992
2.9679999999999924 0.4067999999999994
2.9689999999999923 0.40689999999999915
2.969999999999992 0.40699999999999936
2.970999999999992 0.40709999999999913
2.971999999999992 0.40719999999999934
2.972999999999992 0.4072999999999991
2.9739999999999918 0.4073999999999993
2.9749999999999917 0.4074999999999991
2.9759999999999915 0.4075999999999993
2.9769999999999914 0.40769999999999906
2.9779999999999913 0.4077999999999993
2.978999999999991 0.40789999999999904
2.979999999999991 0.40799999999999925
2.980999999999991 0.408099999999999
2.981999999999991 0.40819999999999923
2.9829999999999908 0.408299999999999
2.9839999999999907 0.4083999999999992
2.9849999999999905 0.408499999999999
2.9859999999999904 0.4085999999999992
2.9869999999999903 0.40869999999999895
2.98799999999999 0.40879999999999916
2.98899999999999 0.40889999999999893
2.98999999999999 0.40899999999999914
2.99099999999999 0.4090999999999989
2.99199999999999 0.4091999999999991
2.9929999999999897 0.4092999999999989
2.9939999999999896 0.4093999999999991
2.9949999999999894 0.40949999999999886
2.9959999999999893 0.4095999999999991
2.9969999999999892 0.40969999999999884
2.997999999999989 0.40979999999999905
2.998999999999989 0.4098999999999988
2.999999999999989 0.40999999999999903
3.000999999999989 0.4100999999999988
3.0019999999999887 0.410199999999999
3.0029999999999886 0.4102999999999988
3.0039999999999885 0.410399999999999
3.0049999999999883 0.41049999999999875
3.0059999999999882 0.41059999999999897
3.006999999999988 0.41069999999999873
3.007999999999988 0.41079999999999894
3.008999999999988 0.4108999999999987
3.009999999999988 0.4109999999999989
3.0109999999999877 0.4110999999999987
3.0119999999999876 0.4111999999999989
3.0129999999999875 0.41129999999999867
3.0139999999999874 0.4113999999999989
3.0149999999999872 0.41149999999999864
3.015999999999987 0.41159999999999886
3.016999999999987 0.4116999999999986
3.017999999999987 0.41179999999999883
3.018999999999987 0.4118999999999986
3.0199999999999867 0.4119999999999988
3.0209999999999866 0.4120999999999986
3.0219999999999865 0.4121999999999988
3.0229999999999864 0.41229999999999856
3.0239999999999863 0.41239999999999877
3.024999999999986 0.41249999999999853
3.025999999999986 0.41259999999999875
3.026999999999986 0.4126999999999985
3.027999999999986 0.4127999999999987
3.0289999999999857 0.4128999999999985
3.0299999999999856 0.4129999999999987
3.0309999999999855 0.41309999999999847
3.0319999999999854 0.4131999999999987
3.0329999999999853 0.41329999999999845
3.033999999999985 0.41339999999999866
3.034999999999985 0.4134999999999984
3.035999999999985 0.41359999999999864
3.036999999999985 0.4136999999999984
3.0379999999999847 0.4137999999999986
3.0389999999999846 0.4138999999999984
3.0399999999999845 0.4139999999999986
3.0409999999999844 0.41409999999999836
3.0419999999999843 0.41419999999999857
3.042999999999984 0.41429999999999834
3.043999999999984 0.41439999999999855
3.044999999999984 0.4144999999999983
3.045999999999984 0.4145999999999985
3.0469999999999837 0.4146999999999983
3.0479999999999836 0.4147999999999985
3.0489999999999835 0.41489999999999827
3.0499999999999834 0.4149999999999985
3.0509999999999833 0.41509999999999825
3.051999999999983 0.41519999999999846
3.052999999999983 0.4152999999999982
3.053999999999983 0.41539999999999844
3.054999999999983 0.4154999999999982
3.0559999999999827 0.4155999999999984
3.0569999999999826 0.4156999999999982
3.0579999999999825 0.4157999999999984
3.0589999999999824 0.41589999999999816
3.0599999999999823 0.41599999999999837
3.060999999999982 0.41609999999999814
3.061999999999982 0.41619999999999835
3.062999999999982 0.4162999999999981
3.063999999999982 0.4163999999999983
3.0649999999999817 0.4164999999999981
3.0659999999999816 0.4165999999999983
3.0669999999999815 0.41669999999999807
3.0679999999999814 0.4167999999999983
3.0689999999999813 0.41689999999999805
3.069999999999981 0.41699999999999826
3.070999999999981 0.41709999999999803
3.071999999999981 0.41719999999999824
3.072999999999981 0.417299999999998
3.0739999999999807 0.4173999999999982
3.0749999999999806 0.417499999999998
3.0759999999999805 0.4175999999999982
3.0769999999999804 0.41769999999999796
3.0779999999999803 0.4177999999999982
3.07899999999998 0.41789999999999794
3.07999999999998 0.41799999999999815
3.08099999999998 0.4180999999999979
3.08199999999998 0.41819999999999813
3.0829999999999798 0.4182999999999979
3.0839999999999796 0.4183999999999981
3.0849999999999795 0.4184999999999979
3.0859999999999794 0.4185999999999981
3.0869999999999793 0.41869999999999785
3.087999999999979 0.41879999999999806
3.088999999999979 0.41889999999999783
3.089999999999979 0.41899999999999804
3.090999999999979 0.4190999999999978
3.0919999999999788 0.419199999999998
3.0929999999999787 0.4192999999999978
3.0939999999999785 0.419399999999998
3.0949999999999784 0.41949999999999776
3.0959999999999783 0.419599999999998
3.096999999999978 0.41969999999999774
3.097999999999978 0.41979999999999795
3.098999999999978 0.4198999999999977
3.099999999999978 0.41999999999999793
3.1009999999999778 0.4200999999999977
3.1019999999999777 0.4201999999999979
3.1029999999999776 0.4202999999999977
3.1039999999999774 0.4203999999999979
3.1049999999999773 0.42049999999999765
3.1059999999999772 0.42059999999999786
3.106999999999977 0.42069999999999763
3.107999999999977 0.42079999999999784
3.108999999999977 0.4208999999999976
3.109999999999977 0.4209999999999978
3.1109999999999767 0.4210999999999976
3.1119999999999766 0.4211999999999978
3.1129999999999765 0.42129999999999757
3.1139999999999763 0.4213999999999978
3.1149999999999762 0.42149999999999754
3.115999999999976 0.42159999999999775
3.116999999999976 0.4216999999999975
3.117999999999976 0.42179999999999773
3.118999999999976 0.4218999999999975
3.1199999999999757 0.4219999999999977
3.1209999999999756 0.4220999999999975
3.1219999999999755 0.4221999999999977
3.1229999999999754 0.42229999999999746
3.1239999999999752 0.42239999999999767
3.124999999999975 0.42249999999999743
3.125999999999975 0.42259999999999764
3.126999999999975 0.4226999999999974
3.127999999999975 0.4227999999999976
3.1289999999999747 0.4228999999999974
3.1299999999999746 0.4229999999999976
3.1309999999999745 0.42309999999999737
3.1319999999999744 0.4231999999999976
3.1329999999999742 0.42329999999999735
3.133999999999974 0.42339999999999756
3.134999999999974 0.4234999999999973
3.135999999999974 0.42359999999999753
3.136999999999974 0.4236999999999973
3.1379999999999737 0.4237999999999975
3.1389999999999736 0.4238999999999973
3.1399999999999735 0.4239999999999975
3.1409999999999734 0.42409999999999726
3.1419999999999733 0.42419999999999747
3.142999999999973 0.42429999999999723
3.143999999999973 0.42439999999999745
3.144999999999973 0.4244999999999972
3.145999999999973 0.4245999999999974
3.1469999999999727 0.4246999999999972
3.1479999999999726 0.4247999999999974
3.1489999999999725 0.42489999999999717
3.1499999999999724 0.4249999999999974
3.1509999999999723 0.42509999999999715
3.151999999999972 0.42519999999999736
3.152999999999972 0.4252999999999971
3.153999999999972 0.42539999999999734
3.154999999999972 0.4254999999999971
3.1559999999999717 0.4255999999999973
3.1569999999999716 0.4256999999999971
3.1579999999999715 0.4257999999999973
3.1589999999999714 0.42589999999999706
3.1599999999999713 0.42599999999999727
3.160999999999971 0.42609999999999704
3.161999999999971 0.42619999999999725
3.162999999999971 0.426299999999997
3.163999999999971 0.4263999999999972
3.1649999999999707 0.426499999999997
3.1659999999999706 0.4265999999999972
3.1669999999999705 0.42669999999999697
3.1679999999999704 0.4267999999999972
3.1689999999999703 0.42689999999999695
3.16999999999997 0.42699999999999716
3.17099999999997 0.4270999999999969
3.17199999999997 0.42719999999999714
3.17299999999997 0.4272999999999969
3.1739999999999697 0.4273999999999971
3.1749999999999696 0.4274999999999969
3.1759999999999695 0.4275999999999971
3.1769999999999694 0.42769999999999686
3.1779999999999693 0.42779999999999707
3.178999999999969 0.42789999999999684
3.179999999999969 0.42799999999999705
3.180999999999969 0.4280999999999968
3.181999999999969 0.428199999999997
3.1829999999999687 0.4282999999999968
3.1839999999999686 0.428399999999997
3.1849999999999685 0.4284999999999968
3.1859999999999684 0.428599999999997
3.1869999999999683 0.42869999999999675
3.187999999999968 0.42879999999999696
3.188999999999968 0.42889999999999673
3.189999999999968 0.42899999999999694
3.190999999999968 0.4290999999999967
3.1919999999999678 0.4291999999999969
3.1929999999999676 0.4292999999999967
3.1939999999999675 0.4293999999999969
3.1949999999999674 0.42949999999999666
3.1959999999999673 0.4295999999999969
3.196999999999967 0.42969999999999664
3.197999999999967 0.42979999999999685
3.198999999999967 0.4298999999999966
3.199999999999967 0.42999999999999683
3.2009999999999668 0.4300999999999966
3.2019999999999667 0.4301999999999968
3.2029999999999665 0.4302999999999966
3.2039999999999664 0.4303999999999968
3.2049999999999663 0.43049999999999655
3.205999999999966 0.43059999999999676
3.206999999999966 0.43069999999999653
3.207999999999966 0.43079999999999674
3.208999999999966 0.4308999999999965
3.2099999999999658 0.4309999999999967
3.2109999999999657 0.4310999999999965
3.2119999999999655 0.4311999999999967
3.2129999999999654 0.43129999999999646
3.2139999999999653 0.4313999999999967
3.214999999999965 0.43149999999999644
3.215999999999965 0.43159999999999665
3.216999999999965 0.4316999999999964
3.217999999999965 0.43179999999999663
3.218999999999965 0.4318999999999964
3.2199999999999647 0.4319999999999966
3.2209999999999646 0.4320999999999964
3.2219999999999644 0.4321999999999966
3.2229999999999643 0.43229999999999635
3.2239999999999642 0.43239999999999656
3.224999999999964 0.43249999999999633
3.225999999999964 0.43259999999999654
3.226999999999964 0.4326999999999963
3.227999999999964 0.4327999999999965
3.2289999999999637 0.4328999999999963
3.2299999999999636 0.4329999999999965
3.2309999999999635 0.43309999999999627
3.2319999999999633 0.4331999999999965
3.2329999999999632 0.43329999999999624
3.233999999999963 0.43339999999999645
3.234999999999963 0.4334999999999962
3.235999999999963 0.43359999999999643
3.236999999999963 0.4336999999999962
3.2379999999999627 0.4337999999999964
3.2389999999999626 0.4338999999999962
3.2399999999999625 0.4339999999999964
3.2409999999999624 0.43409999999999616
3.2419999999999622 0.43419999999999637
3.242999999999962 0.43429999999999613
3.243999999999962 0.43439999999999634
3.244999999999962 0.4344999999999961
3.245999999999962 0.4345999999999963
3.2469999999999617 0.4346999999999961
3.2479999999999616 0.4347999999999963
3.2489999999999615 0.43489999999999607
3.2499999999999614 0.4349999999999963
3.2509999999999613 0.43509999999999605
3.251999999999961 0.43519999999999626
3.252999999999961 0.435299999999996
3.253999999999961 0.43539999999999623
3.254999999999961 0.435499999999996
3.2559999999999607 0.4355999999999962
3.2569999999999606 0.435699999999996
3.2579999999999605 0.4357999999999962
3.2589999999999604 0.43589999999999596
3.2599999999999603 0.43599999999999617
3.26099999999996 0.43609999999999594
3.26199999999996 0.43619999999999615
3.26299999999996 0.4362999999999959
3.26399999999996 0.4363999999999961
3.2649999999999597 0.4364999999999959
3.2659999999999596 0.4365999999999961
3.2669999999999595 0.43669999999999587
3.2679999999999594 0.4367999999999961
3.2689999999999593 0.43689999999999585
3.269999999999959 0.43699999999999606
3.270999999999959 0.4370999999999958
3.271999999999959 0.43719999999999604
3.272999999999959 0.4372999999999958
3.2739999999999587 0.437399999999996
3.2749999999999586 0.4374999999999958
3.2759999999999585 0.437599999999996
3.2769999999999584 0.43769999999999576
3.2779999999999583 0.43779999999999597
3.278999999999958 0.43789999999999574
3.279999999999958 0.43799999999999595
3.280999999999958 0.4380999999999957
3.281999999999958 0.4381999999999959
3.2829999999999577 0.4382999999999957
3.2839999999999576 0.4383999999999959
3.2849999999999575 0.43849999999999567
3.2859999999999574 0.4385999999999959
3.2869999999999573 0.43869999999999565
3.287999999999957 0.43879999999999586
3.288999999999957 0.4388999999999956
3.289999999999957 0.43899999999999584
3.290999999999957 0.4390999999999956
3.2919999999999567 0.4391999999999958
3.2929999999999566 0.4392999999999956
3.2939999999999565 0.4393999999999958
3.2949999999999564 0.43949999999999556
3.2959999999999563 0.43959999999999577
3.296999999999956 0.43969999999999554
3.297999999999956 0.43979999999999575
3.298999999999956 0.4398999999999955
3.299999999999956 0.43999999999999573
3.3009999999999557 0.4400999999999955
3.3019999999999556 0.4401999999999957
3.3029999999999555 0.4402999999999955
3.3039999999999554 0.4403999999999957
3.3049999999999553 0.44049999999999545
3.305999999999955 0.44059999999999566
3.306999999999955 0.44069999999999543
3.307999999999955 0.44079999999999564
3.308999999999955 0.4408999999999954
3.3099999999999548 0.4409999999999956
3.3109999999999546 0.4410999999999954
3.3119999999999545 0.4411999999999956
3.3129999999999544 0.44129999999999536
3.3139999999999543 0.4413999999999956
3.314999999999954 0.44149999999999534
3.315999999999954 0.44159999999999555
3.316999999999954 0.4416999999999953
3.317999999999954 0.44179999999999553
3.3189999999999538 0.4418999999999953
3.3199999999999537 0.4419999999999955
3.3209999999999535 0.4420999999999953
3.3219999999999534 0.4421999999999955
3.3229999999999533 0.44229999999999525
3.323999999999953 0.44239999999999546
3.324999999999953 0.44249999999999523
3.325999999999953 0.44259999999999544
3.326999999999953 0.4426999999999952
3.3279999999999528 0.4427999999999954
3.3289999999999527 0.4428999999999952
3.3299999999999526 0.4429999999999954
3.3309999999999524 0.44309999999999516
3.3319999999999523 0.4431999999999954
3.3329999999999522 0.44329999999999514
3.333999999999952 0.44339999999999535
3.334999999999952 0.4434999999999951
3.335999999999952 0.44359999999999533
3.336999999999952 0.4436999999999951
3.3379999999999517 0.4437999999999953
3.3389999999999516 0.4438999999999951
3.3399999999999515 0.4439999999999953
3.3409999999999513 0.44409999999999505
3.3419999999999512 0.44419999999999527
3.342999999999951 0.44429999999999503
3.343999999999951 0.44439999999999524
3.344999999999951 0.444499999999995
3.345999999999951 0.4445999999999952
3.3469999999999507 0.444699999999995
3.3479999999999506 0.4447999999999952
3.3489999999999505 0.44489999999999497
3.3499999999999504 0.4449999999999952
3.3509999999999502 0.44509999999999494
3.35199999999995 0.44519999999999516
3.35299999999995 0.4452999999999949
3.35399999999995 0.44539999999999513
3.35499999999995 0.4454999999999949
3.3559999999999497 0.4455999999999951
3.3569999999999496 0.4456999999999949
3.3579999999999495 0.4457999999999951
3.3589999999999494 0.44589999999999486
3.3599999999999492 0.44599999999999507
3.360999999999949 0.44609999999999483
3.361999999999949 0.44619999999999505
3.362999999999949 0.4462999999999948
3.363999999999949 0.446399999999995
3.3649999999999487 0.4464999999999948
3.3659999999999486 0.446599999999995
3.3669999999999485 0.44669999999999477
3.3679999999999484 0.446799999999995
3.3689999999999483 0.44689999999999475
3.369999999999948 0.44699999999999496
3.370999999999948 0.4470999999999947
3.371999999999948 0.44719999999999493
3.372999999999948 0.4472999999999947
3.3739999999999477 0.4473999999999949
3.3749999999999476 0.4474999999999947
3.3759999999999475 0.4475999999999949
3.3769999999999474 0.44769999999999466
3.3779999999999473 0.44779999999999487
3.378999999999947 0.44789999999999464
3.379999999999947 0.44799999999999485
3.380999999999947 0.4480999999999946
3.381999999999947 0.4481999999999948
3.3829999999999467 0.4482999999999946
3.3839999999999466 0.4483999999999948
3.3849999999999465 0.44849999999999457
3.3859999999999464 0.4485999999999948
3.3869999999999463 0.44869999999999455
3.387999999999946 0.44879999999999476
3.388999999999946 0.4488999999999945
3.389999999999946 0.44899999999999474
3.390999999999946 0.4490999999999945
3.3919999999999457 0.4491999999999947
3.3929999999999456 0.4492999999999945
3.3939999999999455 0.4493999999999947
3.3949999999999454 0.44949999999999446
3.3959999999999453 0.44959999999999467
3.396999999999945 0.44969999999999444
3.397999999999945 0.44979999999999465
3.398999999999945 0.4498999999999944
3.399999999999945 0.4499999999999946
3.4009999999999447 0.4500999999999944
3.4019999999999446 0.4501999999999946
3.4029999999999445 0.45029999999999437
3.4039999999999444 0.4503999999999946
3.4049999999999443 0.45049999999999435
3.405999999999944 0.45059999999999456
3.406999999999944 0.4506999999999943
3.407999999999944 0.45079999999999454
3.408999999999944 0.4508999999999943
3.4099999999999437 0.4509999999999945
3.4109999999999436 0.4510999999999943
3.4119999999999435 0.4511999999999945
3.4129999999999434 0.45129999999999426
3.4139999999999433 0.4513999999999945
3.414999999999943 0.45149999999999424
3.415999999999943 0.45159999999999445
3.416999999999943 0.4516999999999942
3.417999999999943 0.45179999999999443
3.4189999999999428 0.4518999999999942
3.4199999999999426 0.4519999999999944
3.4209999999999425 0.4520999999999942
3.4219999999999424 0.4521999999999944
3.4229999999999423 0.45229999999999415
3.423999999999942 0.45239999999999436
3.424999999999942 0.45249999999999413
3.425999999999942 0.45259999999999434
3.426999999999942 0.4526999999999941
3.4279999999999418 0.4527999999999943
3.4289999999999417 0.4528999999999941
3.4299999999999415 0.4529999999999943
3.4309999999999414 0.45309999999999406
3.4319999999999413 0.4531999999999943
3.432999999999941 0.45329999999999404
3.433999999999941 0.45339999999999425
3.434999999999941 0.453499999999994
3.435999999999941 0.45359999999999423
3.4369999999999408 0.453699999999994
3.4379999999999407 0.4537999999999942
3.4389999999999405 0.453899999999994
3.4399999999999404 0.4539999999999942
3.4409999999999403 0.45409999999999395
3.44199999999994 0.45419999999999416
3.44299999999994 0.45429999999999393
3.44399999999994 0.45439999999999414
3.44499999999994 0.4544999999999939
3.4459999999999398 0.4545999999999941
3.4469999999999397 0.4546999999999939
3.4479999999999396 0.4547999999999941
3.4489999999999394 0.45489999999999386
3.4499999999999393 0.4549999999999941
3.4509999999999392 0.45509999999999384
3.451999999999939 0.45519999999999405
3.452999999999939 0.4552999999999938
3.453999999999939 0.45539999999999403
3.454999999999939 0.4554999999999938
3.4559999999999387 0.455599999999994
3.4569999999999386 0.4556999999999938
3.4579999999999385 0.455799999999994
3.4589999999999383 0.45589999999999375
3.4599999999999382 0.45599999999999397
3.460999999999938 0.45609999999999373
3.461999999999938 0.45619999999999394
3.462999999999938 0.4562999999999937
3.463999999999938 0.4563999999999939
3.4649999999999377 0.4564999999999937
3.4659999999999376 0.4565999999999939
3.4669999999999375 0.45669999999999367
3.4679999999999374 0.4567999999999939
3.4689999999999372 0.45689999999999364
3.469999999999937 0.45699999999999386
3.470999999999937 0.4570999999999936
3.471999999999937 0.45719999999999383
3.472999999999937 0.4572999999999936
3.4739999999999367 0.4573999999999938
3.4749999999999366 0.4574999999999936
3.4759999999999365 0.4575999999999938
3.4769999999999364 0.45769999999999356
3.4779999999999363 0.45779999999999377
3.478999999999936 0.45789999999999353
3.479999999999936 0.45799999999999375
3.480999999999936 0.4580999999999935
3.481999999999936 0.4581999999999937
3.4829999999999357 0.4582999999999935
3.4839999999999356 0.4583999999999937
3.4849999999999355 0.45849999999999347
3.4859999999999354 0.4585999999999937
3.4869999999999353 0.45869999999999345
3.487999999999935 0.45879999999999366
3.488999999999935 0.4588999999999934
3.489999999999935 0.45899999999999364
3.490999999999935 0.4590999999999934
3.4919999999999347 0.4591999999999936
3.4929999999999346 0.4592999999999934
3.4939999999999345 0.4593999999999936
3.4949999999999344 0.45949999999999336
3.4959999999999343 0.45959999999999357
3.496999999999934 0.45969999999999334
3.497999999999934 0.45979999999999355
3.498999999999934 0.4598999999999933
3.499999999999934 0.4599999999999935
3.5009999999999337 0.4600999999999933
3.5019999999999336 0.4601999999999935
3.5029999999999335 0.46029999999999327
3.5039999999999334 0.4603999999999935
3.5049999999999333 0.46049999999999325
3.505999999999933 0.46059999999999346
3.506999999999933 0.4606999999999932
3.507999999999933 0.46079999999999344
3.508999999999933 0.4608999999999932
3.5099999999999327 0.4609999999999934
3.5109999999999326 0.4610999999999932
3.5119999999999325 0.4611999999999934
3.5129999999999324 0.46129999999999316
3.5139999999999323 0.46139999999999337
3.514999999999932 0.46149999999999314
3.515999999999932 0.46159999999999335
3.516999999999932 0.4616999999999931
3.517999999999932 0.4617999999999933
3.5189999999999317 0.4618999999999931
3.5199999999999316 0.4619999999999933
3.5209999999999315 0.46209999999999307
3.5219999999999314 0.4621999999999933
3.5229999999999313 0.46229999999999305
3.523999999999931 0.46239999999999326
3.524999999999931 0.46249999999999303
3.525999999999931 0.462599999999993
3.526999999999931 0.462699999999993
3.5279999999999307 0.462799999999993
3.5289999999999306 0.462899999999993
3.5299999999999305 0.462999999999993
3.5309999999999304 0.46309999999999296
3.5319999999999303 0.46319999999999295
3.53299999999993 0.46329999999999294
3.53399999999993 0.46339999999999293
3.53499999999993 0.4634999999999929
3.53599999999993 0.4635999999999929
3.5369999999999298 0.4636999999999929
3.5379999999999296 0.4637999999999929
3.5389999999999295 0.4638999999999929
3.5399999999999294 0.46399999999999286
3.5409999999999293 0.46409999999999285
3.541999999999929 0.46419999999999284
3.542999999999929 0.46429999999999283
3.543999999999929 0.4643999999999928
3.544999999999929 0.4644999999999928
3.5459999999999288 0.4645999999999928
3.5469999999999287 0.4646999999999928
3.5479999999999285 0.4647999999999928
3.5489999999999284 0.46489999999999276
3.5499999999999283 0.46499999999999275
3.550999999999928 0.46509999999999274
3.551999999999928 0.46519999999999273
3.552999999999928 0.4652999999999927
3.553999999999928 0.4653999999999927
3.5549999999999278 0.4654999999999927
3.5559999999999277 0.4655999999999927
3.5569999999999276 0.4656999999999927
3.5579999999999274 0.46579999999999266
3.5589999999999273 0.46589999999999265
3.5599999999999272 0.46599999999999264
3.560999999999927 0.46609999999999263
3.561999999999927 0.4661999999999926
3.562999999999927 0.4662999999999926
3.563999999999927 0.4663999999999926
3.5649999999999267 0.4664999999999926
3.5659999999999266 0.4665999999999926
3.5669999999999265 0.46669999999999257
3.5679999999999263 0.46679999999999255
3.5689999999999262 0.46689999999999254
3.569999999999926 0.46699999999999253
3.570999999999926 0.4670999999999925
3.571999999999926 0.4671999999999925
3.572999999999926 0.4672999999999925
3.5739999999999257 0.4673999999999925
3.5749999999999256 0.4674999999999925
3.5759999999999255 0.46759999999999247
3.5769999999999254 0.46769999999999246
3.5779999999999252 0.46779999999999244
3.578999999999925 0.46789999999999243
3.579999999999925 0.4679999999999924
3.580999999999925 0.4680999999999924
3.581999999999925 0.4681999999999924
3.5829999999999247 0.4682999999999924
3.5839999999999246 0.4683999999999924
3.5849999999999245 0.46849999999999237
3.5859999999999244 0.46859999999999236
3.5869999999999242 0.46869999999999234
3.587999999999924 0.46879999999999233
3.588999999999924 0.4688999999999923
3.589999999999924 0.4689999999999923
3.590999999999924 0.4690999999999923
3.5919999999999237 0.4691999999999923
3.5929999999999236 0.4692999999999923
3.5939999999999235 0.46939999999999227
3.5949999999999234 0.46949999999999226
3.5959999999999233 0.46959999999999225
3.596999999999923 0.46969999999999223
3.597999999999923 0.4697999999999922
3.598999999999923 0.4698999999999922
3.599999999999923 0.4699999999999922
3.6009999999999227 0.4700999999999922
3.6019999999999226 0.4701999999999922
3.6029999999999225 0.47029999999999217
3.6039999999999224 0.47039999999999216
3.6049999999999223 0.47049999999999215
3.605999999999922 0.47059999999999214
3.606999999999922 0.4706999999999921
3.607999999999922 0.4707999999999921
3.608999999999922 0.4708999999999921
3.6099999999999217 0.4709999999999921
3.6109999999999216 0.4710999999999921
3.6119999999999215 0.47119999999999207
3.6129999999999214 0.47129999999999206
3.6139999999999213 0.47139999999999205
3.614999999999921 0.47149999999999204
3.615999999999921 0.471599999999992
3.616999999999921 0.471699999999992
3.617999999999921 0.471799999999992
3.6189999999999207 0.471899999999992
3.6199999999999206 0.471999999999992
3.6209999999999205 0.47209999999999197
3.6219999999999204 0.47219999999999196
3.6229999999999203 0.47229999999999195
3.62399999999992 0.47239999999999194
3.62499999999992 0.4724999999999919
3.62599999999992 0.4725999999999919
3.62699999999992 0.4726999999999919
3.6279999999999197 0.4727999999999919
3.6289999999999196 0.4728999999999919
3.6299999999999195 0.47299999999999187
3.6309999999999194 0.47309999999999186
3.6319999999999193 0.47319999999999185
3.632999999999919 0.47329999999999184
3.633999999999919 0.4733999999999918
3.634999999999919 0.4734999999999918
3.635999999999919 0.4735999999999918
3.6369999999999187 0.4736999999999918
3.6379999999999186 0.4737999999999918
3.6389999999999185 0.4738999999999918
3.6399999999999184 0.47399999999999176
3.6409999999999183 0.47409999999999175
3.641999999999918 0.47419999999999174
3.642999999999918 0.47429999999999173
3.643999999999918 0.4743999999999917
3.644999999999918 0.4744999999999917
3.6459999999999178 0.4745999999999917
3.6469999999999176 0.4746999999999917
3.6479999999999175 0.4747999999999917
3.6489999999999174 0.47489999999999166
3.6499999999999173 0.47499999999999165
3.650999999999917 0.47509999999999164
3.651999999999917 0.47519999999999163
3.652999999999917 0.4752999999999916
3.653999999999917 0.4753999999999916
3.6549999999999168 0.4754999999999916
3.6559999999999166 0.4755999999999916
3.6569999999999165 0.4756999999999916
3.6579999999999164 0.47579999999999156
3.6589999999999163 0.47589999999999155
3.659999999999916 0.47599999999999154
3.660999999999916 0.47609999999999153
3.661999999999916 0.4761999999999915
3.662999999999916 0.4762999999999915
3.6639999999999158 0.4763999999999915
3.6649999999999157 0.4764999999999915
3.6659999999999155 0.4765999999999915
3.6669999999999154 0.47669999999999146
3.6679999999999153 0.47679999999999145
3.668999999999915 0.47689999999999144
3.669999999999915 0.47699999999999143
3.670999999999915 0.4770999999999914
3.671999999999915 0.4771999999999914
3.6729999999999148 0.4772999999999914
3.6739999999999147 0.4773999999999914
3.6749999999999146 0.4774999999999914
3.6759999999999144 0.47759999999999136
3.6769999999999143 0.47769999999999135
3.6779999999999142 0.47779999999999134
3.678999999999914 0.47789999999999133
3.679999999999914 0.4779999999999913
3.680999999999914 0.4780999999999913
3.681999999999914 0.4781999999999913
3.6829999999999137 0.4782999999999913
3.6839999999999136 0.4783999999999913
3.6849999999999135 0.47849999999999127
3.6859999999999133 0.47859999999999125
3.6869999999999132 0.47869999999999124
3.687999999999913 0.47879999999999123
3.688999999999913 0.4788999999999912
3.689999999999913 0.4789999999999912
3.690999999999913 0.4790999999999912
3.6919999999999127 0.4791999999999912
3.6929999999999126 0.4792999999999912
3.6939999999999125 0.47939999999999117
3.6949999999999124 0.47949999999999116
3.6959999999999122 0.47959999999999114
3.696999999999912 0.47969999999999113
3.697999999999912 0.4797999999999911
3.698999999999912 0.4798999999999911
3.699999999999912 0.4799999999999911
3.7009999999999117 0.4800999999999911
3.7019999999999116 0.4801999999999911
3.7029999999999115 0.48029999999999107
3.7039999999999114 0.48039999999999106
3.7049999999999113 0.48049999999999105
3.705999999999911 0.48059999999999103
3.706999999999911 0.480699999999991
3.707999999999911 0.480799999999991
3.708999999999911 0.480899999999991
3.7099999999999107 0.480999999999991
3.7109999999999106 0.481099999999991
3.7119999999999105 0.48119999999999097
3.7129999999999104 0.48129999999999096
3.7139999999999103 0.48139999999999095
3.71499999999991 0.48149999999999094
3.71599999999991 0.4815999999999909
3.71699999999991 0.4816999999999909
3.71799999999991 0.4817999999999909
3.7189999999999097 0.4818999999999909
3.7199999999999096 0.4819999999999909
3.7209999999999095 0.48209999999999087
3.7219999999999094 0.48219999999999086
3.7229999999999093 0.48229999999999085
3.723999999999909 0.48239999999999084
3.724999999999909 0.4824999999999908
3.725999999999909 0.4825999999999908
3.726999999999909 0.4826999999999908
3.7279999999999087 0.4827999999999908
3.7289999999999086 0.4828999999999908
3.7299999999999085 0.48299999999999077
3.7309999999999084 0.48309999999999076
3.7319999999999083 0.48319999999999075
3.732999999999908 0.48329999999999074
3.733999999999908 0.4833999999999907
3.734999999999908 0.4834999999999907
3.735999999999908 0.4835999999999907
3.7369999999999077 0.4836999999999907
3.7379999999999076 0.4837999999999907
3.7389999999999075 0.48389999999999067
3.7399999999999074 0.48399999999999066
3.7409999999999073 0.48409999999999065
3.741999999999907 0.48419999999999064
3.742999999999907 0.4842999999999906
3.743999999999907 0.4843999999999906
3.744999999999907 0.4844999999999906
3.7459999999999067 0.4845999999999906
3.7469999999999066 0.4846999999999906
3.7479999999999065 0.48479999999999057
3.7489999999999064 0.48489999999999056
3.7499999999999063 0.48499999999999055
3.750999999999906 0.48509999999999054
3.751999999999906 0.4851999999999905
3.752999999999906 0.4852999999999905
3.753999999999906 0.4853999999999905
3.7549999999999057 0.4854999999999905
3.7559999999999056 0.4855999999999905
3.7569999999999055 0.4856999999999905
3.7579999999999054 0.48579999999999046
3.7589999999999053 0.48589999999999045
3.759999999999905 0.48599999999999044
3.760999999999905 0.48609999999999043
3.761999999999905 0.4861999999999904
3.762999999999905 0.4862999999999904
3.7639999999999048 0.4863999999999904
3.7649999999999046 0.4864999999999904
3.7659999999999045 0.4865999999999904
3.7669999999999044 0.48669999999999036
3.7679999999999043 0.48679999999999035
3.768999999999904 0.48689999999999034
3.769999999999904 0.48699999999999033
3.770999999999904 0.4870999999999903
3.771999999999904 0.4871999999999903
3.7729999999999038 0.4872999999999903
3.7739999999999037 0.4873999999999903
3.7749999999999035 0.4874999999999903
3.7759999999999034 0.48759999999999026
3.7769999999999033 0.48769999999999025
3.777999999999903 0.48779999999999024
3.778999999999903 0.48789999999999023
3.779999999999903 0.4879999999999902
3.780999999999903 0.4880999999999902
3.7819999999999028 0.4881999999999902
3.7829999999999027 0.4882999999999902
3.7839999999999026 0.4883999999999902
3.7849999999999024 0.48849999999999016
3.7859999999999023 0.48859999999999015
3.7869999999999022 0.48869999999999014
3.787999999999902 0.48879999999999013
3.788999999999902 0.4888999999999901
3.789999999999902 0.4889999999999901
3.790999999999902 0.4890999999999901
3.7919999999999017 0.4891999999999901
3.7929999999999016 0.4892999999999901
3.7939999999999015 0.48939999999999007
3.7949999999999013 0.48949999999999005
3.7959999999999012 0.48959999999999004
3.796999999999901 0.48969999999999003
3.797999999999901 0.48979999999999
3.798999999999901 0.48989999999999
3.799999999999901 0.48999999999999
3.8009999999999007 0.49009999999999
3.8019999999999006 0.49019999999999
3.8029999999999005 0.49029999999998997
3.8039999999999003 0.49039999999998996
3.8049999999999002 0.49049999999998994
3.8059999999999 0.49059999999998993
3.8069999999999 0.4906999999999899
3.8079999999999 0.4907999999999899
3.8089999999999 0.4908999999999899
3.8099999999998997 0.4909999999999899
3.8109999999998996 0.4910999999999899
3.8119999999998995 0.49119999999998987
3.8129999999998994 0.49129999999998986
3.8139999999998992 0.49139999999998984
3.814999999999899 0.49149999999998983
3.815999999999899 0.4915999999999898
3.816999999999899 0.4916999999999898
3.817999999999899 0.4917999999999898
3.8189999999998987 0.4918999999999898
3.8199999999998986 0.4919999999999898
3.8209999999998985 0.49209999999998977
3.8219999999998984 0.49219999999998976
3.8229999999998983 0.49229999999998975
3.823999999999898 0.49239999999998973
3.824999999999898 0.4924999999999897
3.825999999999898 0.4925999999999897
3.826999999999898 0.4926999999999897
3.8279999999998977 0.4927999999999897
3.8289999999998976 0.4928999999999897
3.8299999999998975 0.49299999999998967
3.8309999999998974 0.49309999999998966
3.8319999999998973 0.49319999999998965
3.832999999999897 0.49329999999998964
3.833999999999897 0.4933999999999896
3.834999999999897 0.4934999999999896
3.835999999999897 0.4935999999999896
3.8369999999998967 0.4936999999999896
3.8379999999998966 0.4937999999999896
3.8389999999998965 0.49389999999998957
3.8399999999998964 0.49399999999998956
3.8409999999998963 0.49409999999998955
3.841999999999896 0.49419999999998954
3.842999999999896 0.4942999999999895
3.843999999999896 0.4943999999999895
3.844999999999896 0.4944999999999895
3.8459999999998957 0.4945999999999895
3.8469999999998956 0.4946999999999895
3.8479999999998955 0.49479999999998947
3.8489999999998954 0.49489999999998946
3.8499999999998953 0.49499999999998945
3.850999999999895 0.49509999999998944
3.851999999999895 0.4951999999999894
3.852999999999895 0.4952999999999894
3.853999999999895 0.4953999999999894
3.8549999999998947 0.4954999999999894
3.8559999999998946 0.4955999999999894
3.8569999999998945 0.49569999999998937
3.8579999999998944 0.49579999999998936
3.8589999999998943 0.49589999999998935
3.859999999999894 0.49599999999998934
3.860999999999894 0.4960999999999893
3.861999999999894 0.4961999999999893
3.862999999999894 0.4962999999999893
3.8639999999998937 0.4963999999999893
3.8649999999998936 0.4964999999999893
3.8659999999998935 0.49659999999998927
3.8669999999998934 0.49669999999998926
3.8679999999998933 0.49679999999998925
3.868999999999893 0.49689999999998924
3.869999999999893 0.49699999999998923
3.870999999999893 0.4970999999999892
3.871999999999893 0.4971999999999892
3.8729999999998928 0.4972999999999892
3.8739999999998926 0.4973999999999892
3.8749999999998925 0.4974999999999892
3.8759999999998924 0.49759999999998916
3.8769999999998923 0.49769999999998915
3.877999999999892 0.49779999999998914
3.878999999999892 0.49789999999998913
3.879999999999892 0.4979999999999891
3.880999999999892 0.4980999999999891
3.8819999999998918 0.4981999999999891
3.8829999999998916 0.4982999999999891
3.8839999999998915 0.4983999999999891
3.8849999999998914 0.49849999999998906
3.8859999999998913 0.49859999999998905
3.886999999999891 0.49869999999998904
3.887999999999891 0.49879999999998903
3.888999999999891 0.498899999999989
3.889999999999891 0.498999999999989
3.8909999999998908 0.499099999999989
3.8919999999998907 0.499199999999989
3.8929999999998905 0.499299999999989
3.8939999999998904 0.49939999999998896
3.8949999999998903 0.49949999999998895
3.89599999999989 0.49959999999998894
3.89699999999989 0.49969999999998893
3.89799999999989 0.4997999999999889
3.89899999999989 0.4998999999999889
3.8999999999998898 0.4999999999999889
3.9009999999998897 0.5000999999999889
3.9019999999998896 0.5001999999999889
3.9029999999998894 0.5002999999999889
3.9039999999998893 0.5003999999999889
3.9049999999998892 0.5004999999999888
3.905999999999889 0.5005999999999888
3.906999999999889 0.5006999999999888
3.907999999999889 0.5007999999999888
3.908999999999889 0.5008999999999888
3.9099999999998887 0.5009999999999888
3.9109999999998886 0.5010999999999888
3.9119999999998885 0.5011999999999888
3.9129999999998883 0.5012999999999888
3.9139999999998882 0.5013999999999887
3.914999999999888 0.5014999999999887
3.915999999999888 0.5015999999999887
3.916999999999888 0.5016999999999887
3.917999999999888 0.5017999999999887
3.9189999999998877 0.5018999999999887
3.9199999999998876 0.5019999999999887
3.9209999999998875 0.5020999999999887
3.9219999999998874 0.5021999999999887
3.9229999999998872 0.5022999999999886
3.923999999999887 0.5023999999999886
3.924999999999887 0.5024999999999886
3.925999999999887 0.5025999999999886
3.926999999999887 0.5026999999999886
3.9279999999998867 0.5027999999999886
3.9289999999998866 0.5028999999999886
3.9299999999998865 0.5029999999999886
3.9309999999998864 0.5030999999999886
3.9319999999998863 0.5031999999999885
3.932999999999886 0.5032999999999885
3.933999999999886 0.5033999999999885
3.934999999999886 0.5034999999999885
3.935999999999886 0.5035999999999885
3.9369999999998857 0.5036999999999885
3.9379999999998856 0.5037999999999885
3.9389999999998855 0.5038999999999885
3.9399999999998854 0.5039999999999885
3.9409999999998853 0.5040999999999884
3.941999999999885 0.5041999999999884
3.942999999999885 0.5042999999999884
3.943999999999885 0.5043999999999884
3.944999999999885 0.5044999999999884
3.9459999999998847 0.5045999999999884
3.9469999999998846 0.5046999999999884
3.9479999999998845 0.5047999999999884
3.9489999999998844 0.5048999999999884
3.9499999999998843 0.5049999999999883
3.950999999999884 0.5050999999999883
3.951999999999884 0.5051999999999883
3.952999999999884 0.5052999999999883
3.953999999999884 0.5053999999999883
3.9549999999998837 0.5054999999999883
3.9559999999998836 0.5055999999999883
3.9569999999998835 0.5056999999999883
3.9579999999998834 0.5057999999999883
3.9589999999998833 0.5058999999999882
3.959999999999883 0.5059999999999882
3.960999999999883 0.5060999999999882
3.961999999999883 0.5061999999999882
3.962999999999883 0.5062999999999882
3.9639999999998827 0.5063999999999882
3.9649999999998826 0.5064999999999882
3.9659999999998825 0.5065999999999882
3.9669999999998824 0.5066999999999882
3.9679999999998823 0.5067999999999881
3.968999999999882 0.5068999999999881
3.969999999999882 0.5069999999999881
3.970999999999882 0.5070999999999881
3.971999999999882 0.5071999999999881
3.9729999999998817 0.5072999999999881
3.9739999999998816 0.5073999999999881
3.9749999999998815 0.5074999999999881
3.9759999999998814 0.5075999999999881
3.9769999999998813 0.507699999999988
3.977999999999881 0.507799999999988
3.978999999999881 0.507899999999988
3.979999999999881 0.507999999999988
3.980999999999881 0.508099999999988
3.9819999999998807 0.508199999999988
3.9829999999998806 0.508299999999988
3.9839999999998805 0.508399999999988
3.9849999999998804 0.508499999999988
3.9859999999998803 0.508599999999988
3.98699999999988 0.5086999999999879
3.98799999999988 0.5087999999999879
3.98899999999988 0.5088999999999879
3.98999999999988 0.5089999999999879
3.9909999999998798 0.5090999999999879
3.9919999999998796 0.5091999999999879
3.9929999999998795 0.5092999999999879
3.9939999999998794 0.5093999999999879
3.9949999999998793 0.5094999999999879
3.995999999999879 0.5095999999999878
3.996999999999879 0.5096999999999878
3.997999999999879 0.5097999999999878
3.998999999999879 0.5098999999999878
3.9999999999998788 0.5099999999999878
