2.9 0.5999999999999999
2.901 0.5999000000000001
2.9019999999999997 0.5997999999999999
2.9029999999999996 0.5997000000000001
2.9039999999999995 0.5995999999999999
2.9049999999999994 0.5995000000000001
2.9059999999999993 0.5993999999999999
2.906999999999999 0.5993000000000002
2.907999999999999 0.5992
2.908999999999999 0.5991000000000002
2.909999999999999 0.599
2.9109999999999987 0.5989000000000002
2.9119999999999986 0.5988
2.9129999999999985 0.5987000000000002
2.9139999999999984 0.5986
2.9149999999999983 0.5985000000000003
2.915999999999998 0.5984
2.916999999999998 0.5983000000000003
2.917999999999998 0.5982000000000001
2.918999999999998 0.5981000000000003
2.9199999999999977 0.5980000000000001
2.9209999999999976 0.5979000000000003
2.9219999999999975 0.5978000000000001
2.9229999999999974 0.5977000000000003
2.9239999999999973 0.5976000000000001
2.924999999999997 0.5975000000000004
2.925999999999997 0.5974000000000002
2.926999999999997 0.5973000000000004
2.927999999999997 0.5972000000000002
2.9289999999999967 0.5971000000000004
2.9299999999999966 0.5970000000000002
2.9309999999999965 0.5969000000000004
2.9319999999999964 0.5968000000000002
2.9329999999999963 0.5967000000000005
2.933999999999996 0.5966000000000002
2.934999999999996 0.5965000000000005
2.935999999999996 0.5964000000000003
2.936999999999996 0.5963000000000005
2.9379999999999957 0.5962000000000003
2.9389999999999956 0.5961000000000005
2.9399999999999955 0.5960000000000003
2.9409999999999954 0.5959000000000005
2.9419999999999953 0.5958000000000003
2.942999999999995 0.5957000000000006
2.943999999999995 0.5956000000000004
2.944999999999995 0.5955000000000006
2.945999999999995 0.5954000000000004
2.9469999999999947 0.5953000000000006
2.9479999999999946 0.5952000000000004
2.9489999999999945 0.5951000000000006
2.9499999999999944 0.5950000000000004
2.9509999999999943 0.5949000000000007
2.951999999999994 0.5948000000000004
2.952999999999994 0.5947000000000007
2.953999999999994 0.5946000000000005
2.954999999999994 0.5945000000000007
2.9559999999999937 0.5944000000000005
2.9569999999999936 0.5943000000000007
2.9579999999999935 0.5942000000000005
2.9589999999999934 0.5941000000000007
2.9599999999999933 0.5940000000000005
2.960999999999993 0.5939000000000008
2.961999999999993 0.5938000000000005
2.962999999999993 0.5937000000000008
2.963999999999993 0.5936000000000006
2.9649999999999928 0.5935000000000008
2.9659999999999926 0.5934000000000006
2.9669999999999925 0.5933000000000008
2.9679999999999924 0.5932000000000006
2.9689999999999923 0.5931000000000008
2.969999999999992 0.5930000000000006
2.970999999999992 0.5929000000000009
2.971999999999992 0.5928000000000007
2.972999999999992 0.5927000000000009
2.9739999999999918 0.5926000000000007
2.9749999999999917 0.5925000000000009
2.9759999999999915 0.5924000000000007
2.9769999999999914 0.5923000000000009
2.9779999999999913 0.5922000000000007
2.978999999999991 0.592100000000001
2.979999999999991 0.5920000000000007
2.980999999999991 0.591900000000001
2.981999999999991 0.5918000000000008
2.9829999999999908 0.591700000000001
2.9839999999999907 0.5916000000000008
2.9849999999999905 0.591500000000001
2.9859999999999904 0.5914000000000008
2.9869999999999903 0.591300000000001
2.98799999999999 0.5912000000000008
2.98899999999999 0.5911000000000011
2.98999999999999 0.5910000000000009
2.99099999999999 0.5909000000000011
2.99199999999999 0.5908000000000009
2.9929999999999897 0.5907000000000011
2.9939999999999896 0.5906000000000009
2.9949999999999894 0.5905000000000011
2.9959999999999893 0.5904000000000009
2.9969999999999892 0.5903000000000012
2.997999999999989 0.590200000000001
2.998999999999989 0.5901000000000012
2.999999999999989 0.590000000000001
3.000999999999989 0.5899000000000012
3.0019999999999887 0.589800000000001
3.0029999999999886 0.5897000000000012
3.0039999999999885 0.589600000000001
3.0049999999999883 0.5895000000000012
3.0059999999999882 0.589400000000001
3.006999999999988 0.5893000000000013
3.007999999999988 0.5892000000000011
3.008999999999988 0.5891000000000013
3.009999999999988 0.5890000000000011
3.0109999999999877 0.5889000000000013
3.0119999999999876 0.5888000000000011
3.0129999999999875 0.5887000000000013
3.0139999999999874 0.5886000000000011
3.0149999999999872 0.5885000000000014
3.015999999999987 0.5884000000000011
3.016999999999987 0.5883000000000014
3.017999999999987 0.5882000000000012
3.018999999999987 0.5881000000000014
3.0199999999999867 0.5880000000000012
3.0209999999999866 0.5879000000000014
3.0219999999999865 0.5878000000000012
3.0229999999999864 0.5877000000000014
3.0239999999999863 0.5876000000000012
3.024999999999986 0.5875000000000015
3.025999999999986 0.5874000000000013
3.026999999999986 0.5873000000000015
3.027999999999986 0.5872000000000013
3.0289999999999857 0.5871000000000015
3.0299999999999856 0.5870000000000013
3.0309999999999855 0.5869000000000015
3.0319999999999854 0.5868000000000013
3.0329999999999853 0.5867000000000016
3.033999999999985 0.5866000000000013
3.034999999999985 0.5865000000000016
3.035999999999985 0.5864000000000014
3.036999999999985 0.5863000000000016
3.0379999999999847 0.5862000000000014
3.0389999999999846 0.5861000000000016
3.0399999999999845 0.5860000000000014
3.0409999999999844 0.5859000000000016
3.0419999999999843 0.5858000000000014
3.042999999999984 0.5857000000000017
3.043999999999984 0.5856000000000015
3.044999999999984 0.5855000000000017
3.045999999999984 0.5854000000000015
3.0469999999999837 0.5853000000000017
3.0479999999999836 0.5852000000000015
3.0489999999999835 0.5851000000000017
3.0499999999999834 0.5850000000000015
3.0509999999999833 0.5849000000000018
3.051999999999983 0.5848000000000015
3.052999999999983 0.5847000000000018
3.053999999999983 0.5846000000000016
3.054999999999983 0.5845000000000018
3.0559999999999827 0.5844000000000016
3.0569999999999826 0.5843000000000018
3.0579999999999825 0.5842000000000016
3.0589999999999824 0.5841000000000018
3.0599999999999823 0.5840000000000016
3.060999999999982 0.5839000000000019
3.061999999999982 0.5838000000000017
3.062999999999982 0.5837000000000019
3.063999999999982 0.5836000000000017
3.0649999999999817 0.5835000000000019
3.0659999999999816 0.5834000000000017
3.0669999999999815 0.5833000000000019
3.0679999999999814 0.5832000000000017
3.0689999999999813 0.583100000000002
3.069999999999981 0.5830000000000017
3.070999999999981 0.582900000000002
3.071999999999981 0.5828000000000018
3.072999999999981 0.582700000000002
3.0739999999999807 0.5826000000000018
3.0749999999999806 0.582500000000002
3.0759999999999805 0.5824000000000018
3.0769999999999804 0.582300000000002
3.0779999999999803 0.5822000000000018
3.07899999999998 0.5821000000000021
3.07999999999998 0.5820000000000018
3.08099999999998 0.5819000000000021
3.08199999999998 0.5818000000000019
3.0829999999999798 0.5817000000000021
3.0839999999999796 0.5816000000000019
3.0849999999999795 0.5815000000000021
3.0859999999999794 0.5814000000000019
3.0869999999999793 0.5813000000000021
3.087999999999979 0.5812000000000019
3.088999999999979 0.5811000000000022
3.089999999999979 0.581000000000002
3.090999999999979 0.5809000000000022
3.0919999999999788 0.580800000000002
3.0929999999999787 0.5807000000000022
3.0939999999999785 0.580600000000002
3.0949999999999784 0.5805000000000022
3.0959999999999783 0.580400000000002
3.096999999999978 0.5803000000000023
3.097999999999978 0.580200000000002
3.098999999999978 0.5801000000000023
3.099999999999978 0.5800000000000021
3.1009999999999778 0.5799000000000023
3.1019999999999777 0.5798000000000021
3.1029999999999776 0.5797000000000023
3.1039999999999774 0.5796000000000021
3.1049999999999773 0.5795000000000023
3.1059999999999772 0.5794000000000021
3.106999999999977 0.5793000000000024
3.107999999999977 0.5792000000000022
3.108999999999977 0.5791000000000024
3.109999999999977 0.5790000000000022
3.1109999999999767 0.5789000000000024
3.1119999999999766 0.5788000000000022
3.1129999999999765 0.5787000000000024
3.1139999999999763 0.5786000000000022
3.1149999999999762 0.5785000000000025
3.115999999999976 0.5784000000000022
3.116999999999976 0.5783000000000025
3.117999999999976 0.5782000000000023
3.118999999999976 0.5781000000000025
3.1199999999999757 0.5780000000000023
3.1209999999999756 0.5779000000000025
3.1219999999999755 0.5778000000000023
3.1229999999999754 0.5777000000000025
3.1239999999999752 0.5776000000000023
3.124999999999975 0.5775000000000026
3.125999999999975 0.5774000000000024
3.126999999999975 0.5773000000000026
3.127999999999975 0.5772000000000024
3.1289999999999747 0.5771000000000026
3.1299999999999746 0.5770000000000024
3.1309999999999745 0.5769000000000026
3.1319999999999744 0.5768000000000024
3.1329999999999742 0.5767000000000027
3.133999999999974 0.5766000000000024
3.134999999999974 0.5765000000000027
3.135999999999974 0.5764000000000025
3.136999999999974 0.5763000000000027
3.1379999999999737 0.5762000000000025
3.1389999999999736 0.5761000000000027
3.1399999999999735 0.5760000000000025
3.1409999999999734 0.5759000000000027
3.1419999999999733 0.5758000000000025
3.142999999999973 0.5757000000000028
3.143999999999973 0.5756000000000026
3.144999999999973 0.5755000000000028
3.145999999999973 0.5754000000000026
3.1469999999999727 0.5753000000000028
3.1479999999999726 0.5752000000000026
3.1489999999999725 0.5751000000000028
3.1499999999999724 0.5750000000000026
3.1509999999999723 0.5749000000000029
3.151999999999972 0.5748000000000026
3.152999999999972 0.5747000000000029
3.153999999999972 0.5746000000000027
3.154999999999972 0.5745000000000029
3.1559999999999717 0.5744000000000027
3.1569999999999716 0.5743000000000029
3.1579999999999715 0.5742000000000027
3.1589999999999714 0.5741000000000029
3.1599999999999713 0.5740000000000027
3.160999999999971 0.573900000000003
3.161999999999971 0.5738000000000028
3.162999999999971 0.573700000000003
3.163999999999971 0.5736000000000028
3.1649999999999707 0.573500000000003
3.1659999999999706 0.5734000000000028
3.1669999999999705 0.573300000000003
3.1679999999999704 0.5732000000000028
3.1689999999999703 0.573100000000003
3.16999999999997 0.5730000000000028
3.17099999999997 0.5729000000000031
3.17199999999997 0.5728000000000029
3.17299999999997 0.5727000000000031
3.1739999999999697 0.5726000000000029
3.1749999999999696 0.5725000000000031
3.1759999999999695 0.5724000000000029
3.1769999999999694 0.5723000000000031
3.1779999999999693 0.5722000000000029
3.178999999999969 0.5721000000000032
3.179999999999969 0.572000000000003
3.180999999999969 0.5719000000000032
3.181999999999969 0.571800000000003
3.1829999999999687 0.5717000000000032
3.1839999999999686 0.571600000000003
3.1849999999999685 0.5715000000000032
3.1859999999999684 0.571400000000003
3.1869999999999683 0.5713000000000032
3.187999999999968 0.571200000000003
3.188999999999968 0.5711000000000033
3.189999999999968 0.5710000000000031
3.190999999999968 0.5709000000000033
3.1919999999999678 0.5708000000000031
3.1929999999999676 0.5707000000000033
3.1939999999999675 0.5706000000000031
3.1949999999999674 0.5705000000000033
3.1959999999999673 0.5704000000000031
3.196999999999967 0.5703000000000034
3.197999999999967 0.5702000000000031
3.198999999999967 0.5701000000000034
3.199999999999967 0.5700000000000032
3.2009999999999668 0.5699000000000034
3.2019999999999667 0.5698000000000032
3.2029999999999665 0.5697000000000034
3.2039999999999664 0.5696000000000032
3.2049999999999663 0.5695000000000034
3.205999999999966 0.5694000000000032
3.206999999999966 0.5693000000000035
3.207999999999966 0.5692000000000033
3.208999999999966 0.5691000000000035
3.2099999999999658 0.5690000000000033
3.2109999999999657 0.5689000000000035
3.2119999999999655 0.5688000000000033
3.2129999999999654 0.5687000000000035
3.2139999999999653 0.5686000000000033
3.214999999999965 0.5685000000000036
3.215999999999965 0.5684000000000033
3.216999999999965 0.5683000000000036
3.217999999999965 0.5682000000000034
3.218999999999965 0.5681000000000036
3.2199999999999647 0.5680000000000034
3.2209999999999646 0.5679000000000036
3.2219999999999644 0.5678000000000034
3.2229999999999643 0.5677000000000036
3.2239999999999642 0.5676000000000034
3.224999999999964 0.5675000000000037
3.225999999999964 0.5674000000000035
3.226999999999964 0.5673000000000037
3.227999999999964 0.5672000000000035
3.2289999999999637 0.5671000000000037
3.2299999999999636 0.5670000000000035
3.2309999999999635 0.5669000000000037
3.2319999999999633 0.5668000000000035
3.2329999999999632 0.5667000000000038
3.233999999999963 0.5666000000000035
3.234999999999963 0.5665000000000038
3.235999999999963 0.5664000000000036
3.236999999999963 0.5663000000000038
3.2379999999999627 0.5662000000000036
3.2389999999999626 0.5661000000000038
3.2399999999999625 0.5660000000000036
3.2409999999999624 0.5659000000000038
3.2419999999999622 0.5658000000000036
3.242999999999962 0.5657000000000039
3.243999999999962 0.5656000000000037
3.244999999999962 0.5655000000000039
3.245999999999962 0.5654000000000037
3.2469999999999617 0.5653000000000039
3.2479999999999616 0.5652000000000037
3.2489999999999615 0.5651000000000039
3.2499999999999614 0.5650000000000037
3.2509999999999613 0.564900000000004
3.251999999999961 0.5648000000000037
3.252999999999961 0.564700000000004
3.253999999999961 0.5646000000000038
3.254999999999961 0.564500000000004
3.2559999999999607 0.5644000000000038
3.2569999999999606 0.564300000000004
3.2579999999999605 0.5642000000000038
3.2589999999999604 0.564100000000004
3.2599999999999603 0.5640000000000038
3.26099999999996 0.5639000000000041
3.26199999999996 0.5638000000000039
3.26299999999996 0.5637000000000041
3.26399999999996 0.5636000000000039
3.2649999999999597 0.5635000000000041
3.2659999999999596 0.5634000000000039
3.2669999999999595 0.5633000000000041
3.2679999999999594 0.5632000000000039
3.2689999999999593 0.5631000000000042
3.269999999999959 0.5630000000000039
3.270999999999959 0.5629000000000042
3.271999999999959 0.562800000000004
3.272999999999959 0.5627000000000042
3.2739999999999587 0.562600000000004
3.2749999999999586 0.5625000000000042
3.2759999999999585 0.562400000000004
3.2769999999999584 0.5623000000000042
3.2779999999999583 0.562200000000004
3.278999999999958 0.5621000000000043
3.279999999999958 0.562000000000004
3.280999999999958 0.5619000000000043
3.281999999999958 0.5618000000000041
3.2829999999999577 0.5617000000000043
3.2839999999999576 0.5616000000000041
3.2849999999999575 0.5615000000000043
3.2859999999999574 0.5614000000000041
3.2869999999999573 0.5613000000000044
3.287999999999957 0.5612000000000041
3.288999999999957 0.5611000000000044
3.289999999999957 0.5610000000000042
3.290999999999957 0.5609000000000044
3.2919999999999567 0.5608000000000042
3.2929999999999566 0.5607000000000044
3.2939999999999565 0.5606000000000042
3.2949999999999564 0.5605000000000044
3.2959999999999563 0.5604000000000042
3.296999999999956 0.5603000000000045
3.297999999999956 0.5602000000000043
3.298999999999956 0.5601000000000045
3.299999999999956 0.5600000000000043
3.3009999999999557 0.5599000000000045
3.3019999999999556 0.5598000000000043
3.3029999999999555 0.5597000000000045
3.3039999999999554 0.5596000000000043
3.3049999999999553 0.5595000000000045
3.305999999999955 0.5594000000000043
3.306999999999955 0.5593000000000046
3.307999999999955 0.5592000000000044
3.308999999999955 0.5591000000000046
3.3099999999999548 0.5590000000000044
3.3109999999999546 0.5589000000000046
3.3119999999999545 0.5588000000000044
3.3129999999999544 0.5587000000000046
3.3139999999999543 0.5586000000000044
3.314999999999954 0.5585000000000047
3.315999999999954 0.5584000000000044
3.316999999999954 0.5583000000000047
3.317999999999954 0.5582000000000045
3.3189999999999538 0.5581000000000047
3.3199999999999537 0.5580000000000045
3.3209999999999535 0.5579000000000047
3.3219999999999534 0.5578000000000045
3.3229999999999533 0.5577000000000047
3.323999999999953 0.5576000000000045
3.324999999999953 0.5575000000000048
3.325999999999953 0.5574000000000046
3.326999999999953 0.5573000000000048
3.3279999999999528 0.5572000000000046
3.3289999999999527 0.5571000000000048
3.3299999999999526 0.5570000000000046
3.3309999999999524 0.5569000000000048
3.3319999999999523 0.5568000000000046
3.3329999999999522 0.5567000000000049
3.333999999999952 0.5566000000000046
3.334999999999952 0.5565000000000049
3.335999999999952 0.5564000000000047
3.336999999999952 0.5563000000000049
3.3379999999999517 0.5562000000000047
3.3389999999999516 0.5561000000000049
3.3399999999999515 0.5560000000000047
3.3409999999999513 0.555900000000005
3.3419999999999512 0.5558000000000047
3.342999999999951 0.555700000000005
3.343999999999951 0.5556000000000048
3.344999999999951 0.555500000000005
3.345999999999951 0.5554000000000048
3.3469999999999507 0.555300000000005
3.3479999999999506 0.5552000000000048
3.3489999999999505 0.555100000000005
3.3499999999999504 0.5550000000000048
3.3509999999999502 0.5549000000000051
3.35199999999995 0.5548000000000048
3.35299999999995 0.5547000000000051
3.35399999999995 0.5546000000000049
3.35499999999995 0.5545000000000051
3.3559999999999497 0.5544000000000049
3.3569999999999496 0.5543000000000051
3.3579999999999495 0.5542000000000049
3.3589999999999494 0.5541000000000051
3.3599999999999492 0.5540000000000049
3.360999999999949 0.5539000000000052
3.361999999999949 0.553800000000005
3.362999999999949 0.5537000000000052
3.363999999999949 0.553600000000005
3.3649999999999487 0.5535000000000052
3.3659999999999486 0.553400000000005
3.3669999999999485 0.5533000000000052
3.3679999999999484 0.553200000000005
3.3689999999999483 0.5531000000000053
3.369999999999948 0.553000000000005
3.370999999999948 0.5529000000000053
3.371999999999948 0.5528000000000051
3.372999999999948 0.5527000000000053
3.3739999999999477 0.5526000000000051
3.3749999999999476 0.5525000000000053
3.3759999999999475 0.5524000000000051
3.3769999999999474 0.5523000000000053
3.3779999999999473 0.5522000000000051
3.378999999999947 0.5521000000000054
3.379999999999947 0.5520000000000052
3.380999999999947 0.5519000000000054
3.381999999999947 0.5518000000000052
3.3829999999999467 0.5517000000000054
3.3839999999999466 0.5516000000000052
3.3849999999999465 0.5515000000000054
3.3859999999999464 0.5514000000000052
3.3869999999999463 0.5513000000000055
3.387999999999946 0.5512000000000052
3.388999999999946 0.5511000000000055
3.389999999999946 0.5510000000000053
3.390999999999946 0.5509000000000055
3.3919999999999457 0.5508000000000053
3.3929999999999456 0.5507000000000055
3.3939999999999455 0.5506000000000053
3.3949999999999454 0.5505000000000055
3.3959999999999453 0.5504000000000053
3.396999999999945 0.5503000000000056
3.397999999999945 0.5502000000000054
3.398999999999945 0.5501000000000056
3.399999999999945 0.5500000000000054
3.4009999999999447 0.5499000000000056
3.4019999999999446 0.5498000000000054
3.4029999999999445 0.5497000000000056
3.4039999999999444 0.5496000000000054
3.4049999999999443 0.5495000000000057
3.405999999999944 0.5494000000000054
3.406999999999944 0.5493000000000057
3.407999999999944 0.5492000000000055
3.408999999999944 0.5491000000000057
3.4099999999999437 0.5490000000000055
3.4109999999999436 0.5489000000000057
3.4119999999999435 0.5488000000000055
3.4129999999999434 0.5487000000000057
3.4139999999999433 0.5486000000000055
3.414999999999943 0.5485000000000058
3.415999999999943 0.5484000000000055
3.416999999999943 0.5483000000000058
3.417999999999943 0.5482000000000056
3.4189999999999428 0.5481000000000058
3.4199999999999426 0.5480000000000056
3.4209999999999425 0.5479000000000058
3.4219999999999424 0.5478000000000056
3.4229999999999423 0.5477000000000058
3.423999999999942 0.5476000000000056
3.424999999999942 0.5475000000000059
3.425999999999942 0.5474000000000057
3.426999999999942 0.5473000000000059
3.4279999999999418 0.5472000000000057
3.4289999999999417 0.5471000000000059
3.4299999999999415 0.5470000000000057
3.4309999999999414 0.5469000000000059
3.4319999999999413 0.5468000000000057
3.432999999999941 0.546700000000006
3.433999999999941 0.5466000000000057
3.434999999999941 0.546500000000006
3.435999999999941 0.5464000000000058
3.4369999999999408 0.546300000000006
3.4379999999999407 0.5462000000000058
3.4389999999999405 0.546100000000006
3.4399999999999404 0.5460000000000058
3.4409999999999403 0.545900000000006
3.44199999999994 0.5458000000000058
3.44299999999994 0.5457000000000061
3.44399999999994 0.5456000000000059
3.44499999999994 0.5455000000000061
3.4459999999999398 0.5454000000000059
3.4469999999999397 0.5453000000000061
3.4479999999999396 0.5452000000000059
3.4489999999999394 0.5451000000000061
3.4499999999999393 0.5450000000000059
3.4509999999999392 0.5449000000000062
3.451999999999939 0.544800000000006
3.452999999999939 0.5447000000000062
3.453999999999939 0.544600000000006
3.454999999999939 0.5445000000000062
3.4559999999999387 0.544400000000006
3.4569999999999386 0.5443000000000062
3.4579999999999385 0.544200000000006
3.4589999999999383 0.5441000000000062
3.4599999999999382 0.544000000000006
3.460999999999938 0.5439000000000063
3.461999999999938 0.5438000000000061
3.462999999999938 0.5437000000000063
3.463999999999938 0.5436000000000061
3.4649999999999377 0.5435000000000063
3.4659999999999376 0.5434000000000061
3.4669999999999375 0.5433000000000063
3.4679999999999374 0.5432000000000061
3.4689999999999372 0.5431000000000064
3.469999999999937 0.5430000000000061
3.470999999999937 0.5429000000000064
3.471999999999937 0.5428000000000062
3.472999999999937 0.5427000000000064
3.4739999999999367 0.5426000000000062
3.4749999999999366 0.5425000000000064
3.4759999999999365 0.5424000000000062
3.4769999999999364 0.5423000000000064
3.4779999999999363 0.5422000000000062
3.478999999999936 0.5421000000000065
3.479999999999936 0.5420000000000063
3.480999999999936 0.5419000000000065
3.481999999999936 0.5418000000000063
3.4829999999999357 0.5417000000000065
3.4839999999999356 0.5416000000000063
3.4849999999999355 0.5415000000000065
3.4859999999999354 0.5414000000000063
3.4869999999999353 0.5413000000000066
3.487999999999935 0.5412000000000063
3.488999999999935 0.5411000000000066
3.489999999999935 0.5410000000000064
3.490999999999935 0.5409000000000066
3.4919999999999347 0.5408000000000064
3.4929999999999346 0.5407000000000066
3.4939999999999345 0.5406000000000064
3.4949999999999344 0.5405000000000066
3.4959999999999343 0.5404000000000064
3.496999999999934 0.5403000000000067
3.497999999999934 0.5402000000000065
3.498999999999934 0.5401000000000067
3.499999999999934 0.5400000000000065
3.5009999999999337 0.5399000000000067
3.5019999999999336 0.5398000000000065
3.5029999999999335 0.5397000000000067
3.5039999999999334 0.5396000000000065
3.5049999999999333 0.5395000000000068
3.505999999999933 0.5394000000000065
3.506999999999933 0.5393000000000068
3.507999999999933 0.5392000000000066
3.508999999999933 0.5391000000000068
3.5099999999999327 0.5390000000000066
3.5109999999999326 0.5389000000000068
3.5119999999999325 0.5388000000000066
3.5129999999999324 0.5387000000000068
3.5139999999999323 0.5386000000000066
3.514999999999932 0.5385000000000069
3.515999999999932 0.5384000000000067
3.516999999999932 0.5383000000000069
3.517999999999932 0.5382000000000067
3.5189999999999317 0.5381000000000069
3.5199999999999316 0.5380000000000067
3.5209999999999315 0.5379000000000069
3.5219999999999314 0.5378000000000067
3.5229999999999313 0.537700000000007
3.523999999999931 0.5376000000000067
3.524999999999931 0.537500000000007
3.525999999999931 0.537400000000007
3.526999999999931 0.537300000000007
3.5279999999999307 0.537200000000007
3.5289999999999306 0.537100000000007
3.5299999999999305 0.537000000000007
3.5309999999999304 0.536900000000007
3.5319999999999303 0.536800000000007
3.53299999999993 0.5367000000000071
3.53399999999993 0.5366000000000071
3.53499999999993 0.5365000000000071
3.53599999999993 0.5364000000000071
3.5369999999999298 0.5363000000000071
3.5379999999999296 0.5362000000000071
3.5389999999999295 0.5361000000000071
3.5399999999999294 0.5360000000000071
3.5409999999999293 0.5359000000000071
3.541999999999929 0.5358000000000072
3.542999999999929 0.5357000000000072
3.543999999999929 0.5356000000000072
3.544999999999929 0.5355000000000072
3.5459999999999288 0.5354000000000072
3.5469999999999287 0.5353000000000072
3.5479999999999285 0.5352000000000072
3.5489999999999284 0.5351000000000072
3.5499999999999283 0.5350000000000072
3.550999999999928 0.5349000000000073
3.551999999999928 0.5348000000000073
3.552999999999928 0.5347000000000073
3.553999999999928 0.5346000000000073
3.5549999999999278 0.5345000000000073
3.5559999999999277 0.5344000000000073
3.5569999999999276 0.5343000000000073
3.5579999999999274 0.5342000000000073
3.5589999999999273 0.5341000000000073
3.5599999999999272 0.5340000000000074
3.560999999999927 0.5339000000000074
3.561999999999927 0.5338000000000074
3.562999999999927 0.5337000000000074
3.563999999999927 0.5336000000000074
3.5649999999999267 0.5335000000000074
3.5659999999999266 0.5334000000000074
3.5669999999999265 0.5333000000000074
3.5679999999999263 0.5332000000000074
3.5689999999999262 0.5331000000000075
3.569999999999926 0.5330000000000075
3.570999999999926 0.5329000000000075
3.571999999999926 0.5328000000000075
3.572999999999926 0.5327000000000075
3.5739999999999257 0.5326000000000075
3.5749999999999256 0.5325000000000075
3.5759999999999255 0.5324000000000075
3.5769999999999254 0.5323000000000075
3.5779999999999252 0.5322000000000076
3.578999999999925 0.5321000000000076
3.579999999999925 0.5320000000000076
3.580999999999925 0.5319000000000076
3.581999999999925 0.5318000000000076
3.5829999999999247 0.5317000000000076
3.5839999999999246 0.5316000000000076
3.5849999999999245 0.5315000000000076
3.5859999999999244 0.5314000000000076
3.5869999999999242 0.5313000000000077
3.587999999999924 0.5312000000000077
3.588999999999924 0.5311000000000077
3.589999999999924 0.5310000000000077
3.590999999999924 0.5309000000000077
3.5919999999999237 0.5308000000000077
3.5929999999999236 0.5307000000000077
3.5939999999999235 0.5306000000000077
3.5949999999999234 0.5305000000000077
3.5959999999999233 0.5304000000000078
3.596999999999923 0.5303000000000078
3.597999999999923 0.5302000000000078
3.598999999999923 0.5301000000000078
3.599999999999923 0.5300000000000078
3.6009999999999227 0.5299000000000078
3.6019999999999226 0.5298000000000078
3.6029999999999225 0.5297000000000078
3.6039999999999224 0.5296000000000078
3.6049999999999223 0.5295000000000079
3.605999999999922 0.5294000000000079
3.606999999999922 0.5293000000000079
3.607999999999922 0.5292000000000079
3.608999999999922 0.5291000000000079
3.6099999999999217 0.5290000000000079
3.6109999999999216 0.5289000000000079
3.6119999999999215 0.5288000000000079
3.6129999999999214 0.5287000000000079
3.6139999999999213 0.528600000000008
3.614999999999921 0.528500000000008
3.615999999999921 0.528400000000008
3.616999999999921 0.528300000000008
3.617999999999921 0.528200000000008
3.6189999999999207 0.528100000000008
3.6199999999999206 0.528000000000008
3.6209999999999205 0.527900000000008
3.6219999999999204 0.527800000000008
3.6229999999999203 0.527700000000008
3.62399999999992 0.5276000000000081
3.62499999999992 0.5275000000000081
3.62599999999992 0.5274000000000081
3.62699999999992 0.5273000000000081
3.6279999999999197 0.5272000000000081
3.6289999999999196 0.5271000000000081
3.6299999999999195 0.5270000000000081
3.6309999999999194 0.5269000000000081
3.6319999999999193 0.5268000000000082
3.632999999999919 0.5267000000000082
3.633999999999919 0.5266000000000082
3.634999999999919 0.5265000000000082
3.635999999999919 0.5264000000000082
3.6369999999999187 0.5263000000000082
3.6379999999999186 0.5262000000000082
3.6389999999999185 0.5261000000000082
3.6399999999999184 0.5260000000000082
3.6409999999999183 0.5259000000000082
3.641999999999918 0.5258000000000083
3.642999999999918 0.5257000000000083
3.643999999999918 0.5256000000000083
3.644999999999918 0.5255000000000083
3.6459999999999178 0.5254000000000083
3.6469999999999176 0.5253000000000083
3.6479999999999175 0.5252000000000083
3.6489999999999174 0.5251000000000083
3.6499999999999173 0.5250000000000083
3.650999999999917 0.5249000000000084
3.651999999999917 0.5248000000000084
3.652999999999917 0.5247000000000084
3.653999999999917 0.5246000000000084
3.6549999999999168 0.5245000000000084
3.6559999999999166 0.5244000000000084
3.6569999999999165 0.5243000000000084
3.6579999999999164 0.5242000000000084
3.6589999999999163 0.5241000000000084
3.659999999999916 0.5240000000000085
3.660999999999916 0.5239000000000085
3.661999999999916 0.5238000000000085
3.662999999999916 0.5237000000000085
3.6639999999999158 0.5236000000000085
3.6649999999999157 0.5235000000000085
3.6659999999999155 0.5234000000000085
3.6669999999999154 0.5233000000000085
3.6679999999999153 0.5232000000000085
3.668999999999915 0.5231000000000086
3.669999999999915 0.5230000000000086
3.670999999999915 0.5229000000000086
3.671999999999915 0.5228000000000086
3.6729999999999148 0.5227000000000086
3.6739999999999147 0.5226000000000086
3.6749999999999146 0.5225000000000086
3.6759999999999144 0.5224000000000086
3.6769999999999143 0.5223000000000086
3.6779999999999142 0.5222000000000087
3.678999999999914 0.5221000000000087
3.679999999999914 0.5220000000000087
3.680999999999914 0.5219000000000087
3.681999999999914 0.5218000000000087
3.6829999999999137 0.5217000000000087
3.6839999999999136 0.5216000000000087
3.6849999999999135 0.5215000000000087
3.6859999999999133 0.5214000000000087
3.6869999999999132 0.5213000000000088
3.687999999999913 0.5212000000000088
3.688999999999913 0.5211000000000088
3.689999999999913 0.5210000000000088
3.690999999999913 0.5209000000000088
3.6919999999999127 0.5208000000000088
3.6929999999999126 0.5207000000000088
3.6939999999999125 0.5206000000000088
3.6949999999999124 0.5205000000000088
3.6959999999999122 0.5204000000000089
3.696999999999912 0.5203000000000089
3.697999999999912 0.5202000000000089
3.698999999999912 0.5201000000000089
3.699999999999912 0.5200000000000089
3.7009999999999117 0.5199000000000089
3.7019999999999116 0.5198000000000089
3.7029999999999115 0.5197000000000089
3.7039999999999114 0.5196000000000089
3.7049999999999113 0.519500000000009
3.705999999999911 0.519400000000009
3.706999999999911 0.519300000000009
3.707999999999911 0.519200000000009
3.708999999999911 0.519100000000009
3.7099999999999107 0.519000000000009
3.7109999999999106 0.518900000000009
3.7119999999999105 0.518800000000009
3.7129999999999104 0.518700000000009
3.7139999999999103 0.518600000000009
3.71499999999991 0.5185000000000091
3.71599999999991 0.5184000000000091
3.71699999999991 0.5183000000000091
3.71799999999991 0.5182000000000091
3.7189999999999097 0.5181000000000091
3.7199999999999096 0.5180000000000091
3.7209999999999095 0.5179000000000091
3.7219999999999094 0.5178000000000091
3.7229999999999093 0.5177000000000092
3.723999999999909 0.5176000000000092
3.724999999999909 0.5175000000000092
3.725999999999909 0.5174000000000092
3.726999999999909 0.5173000000000092
3.7279999999999087 0.5172000000000092
3.7289999999999086 0.5171000000000092
3.7299999999999085 0.5170000000000092
3.7309999999999084 0.5169000000000092
3.7319999999999083 0.5168000000000093
3.732999999999908 0.5167000000000093
3.733999999999908 0.5166000000000093
3.734999999999908 0.5165000000000093
3.735999999999908 0.5164000000000093
3.7369999999999077 0.5163000000000093
3.7379999999999076 0.5162000000000093
3.7389999999999075 0.5161000000000093
3.7399999999999074 0.5160000000000093
3.7409999999999073 0.5159000000000094
3.741999999999907 0.5158000000000094
3.742999999999907 0.5157000000000094
3.743999999999907 0.5156000000000094
3.744999999999907 0.5155000000000094
3.7459999999999067 0.5154000000000094
3.7469999999999066 0.5153000000000094
3.7479999999999065 0.5152000000000094
3.7489999999999064 0.5151000000000094
3.7499999999999063 0.5150000000000095
3.750999999999906 0.5149000000000095
3.751999999999906 0.5148000000000095
3.752999999999906 0.5147000000000095
3.753999999999906 0.5146000000000095
3.7549999999999057 0.5145000000000095
3.7559999999999056 0.5144000000000095
3.7569999999999055 0.5143000000000095
3.7579999999999054 0.5142000000000095
3.7589999999999053 0.5141000000000095
3.759999999999905 0.5140000000000096
3.760999999999905 0.5139000000000096
3.761999999999905 0.5138000000000096
3.762999999999905 0.5137000000000096
3.7639999999999048 0.5136000000000096
3.7649999999999046 0.5135000000000096
3.7659999999999045 0.5134000000000096
3.7669999999999044 0.5133000000000096
3.7679999999999043 0.5132000000000096
3.768999999999904 0.5131000000000097
3.769999999999904 0.5130000000000097
3.770999999999904 0.5129000000000097
3.771999999999904 0.5128000000000097
3.7729999999999038 0.5127000000000097
3.7739999999999037 0.5126000000000097
3.7749999999999035 0.5125000000000097
3.7759999999999034 0.5124000000000097
3.7769999999999033 0.5123000000000097
3.777999999999903 0.5122000000000098
3.778999999999903 0.5121000000000098
3.779999999999903 0.5120000000000098
3.780999999999903 0.5119000000000098
3.7819999999999028 0.5118000000000098
3.7829999999999027 0.5117000000000098
3.7839999999999026 0.5116000000000098
3.7849999999999024 0.5115000000000098
3.7859999999999023 0.5114000000000098
3.7869999999999022 0.5113000000000099
3.787999999999902 0.5112000000000099
3.788999999999902 0.5111000000000099
3.789999999999902 0.5110000000000099
3.790999999999902 0.5109000000000099
3.7919999999999017 0.5108000000000099
3.7929999999999016 0.5107000000000099
3.7939999999999015 0.5106000000000099
3.7949999999999013 0.51050000000001
3.7959999999999012 0.51040000000001
3.796999999999901 0.51030000000001
3.797999999999901 0.51020000000001
3.798999999999901 0.51010000000001
3.799999999999901 0.51000000000001
3.8009999999999007 0.50990000000001
3.8019999999999006 0.50980000000001
3.8029999999999005 0.50970000000001
3.8039999999999003 0.50960000000001
3.8049999999999002 0.5095000000000101
3.8059999999999 0.5094000000000101
3.8069999999999 0.5093000000000101
3.8079999999999 0.5092000000000101
3.8089999999999 0.5091000000000101
3.8099999999998997 0.5090000000000101
3.8109999999998996 0.5089000000000101
3.8119999999998995 0.5088000000000101
3.8129999999998994 0.5087000000000101
3.8139999999998992 0.5086000000000102
3.814999999999899 0.5085000000000102
3.815999999999899 0.5084000000000102
3.816999999999899 0.5083000000000102
3.817999999999899 0.5082000000000102
3.8189999999998987 0.5081000000000102
3.8199999999998986 0.5080000000000102
3.8209999999998985 0.5079000000000102
3.8219999999998984 0.5078000000000102
3.8229999999998983 0.5077000000000103
3.823999999999898 0.5076000000000103
3.824999999999898 0.5075000000000103
3.825999999999898 0.5074000000000103
3.826999999999898 0.5073000000000103
3.8279999999998977 0.5072000000000103
3.8289999999998976 0.5071000000000103
3.8299999999998975 0.5070000000000103
3.8309999999998974 0.5069000000000103
3.8319999999998973 0.5068000000000104
3.832999999999897 0.5067000000000104
3.833999999999897 0.5066000000000104
3.834999999999897 0.5065000000000104
3.835999999999897 0.5064000000000104
3.8369999999998967 0.5063000000000104
3.8379999999998966 0.5062000000000104
3.8389999999998965 0.5061000000000104
3.8399999999998964 0.5060000000000104
3.8409999999998963 0.5059000000000105
3.841999999999896 0.5058000000000105
3.842999999999896 0.5057000000000105
3.843999999999896 0.5056000000000105
3.844999999999896 0.5055000000000105
3.8459999999998957 0.5054000000000105
3.8469999999998956 0.5053000000000105
3.8479999999998955 0.5052000000000105
3.8489999999998954 0.5051000000000105
3.8499999999998953 0.5050000000000106
3.850999999999895 0.5049000000000106
3.851999999999895 0.5048000000000106
3.852999999999895 0.5047000000000106
3.853999999999895 0.5046000000000106
3.8549999999998947 0.5045000000000106
3.8559999999998946 0.5044000000000106
3.8569999999998945 0.5043000000000106
3.8579999999998944 0.5042000000000106
3.8589999999998943 0.5041000000000107
3.859999999999894 0.5040000000000107
3.860999999999894 0.5039000000000107
3.861999999999894 0.5038000000000107
3.862999999999894 0.5037000000000107
3.8639999999998937 0.5036000000000107
3.8649999999998936 0.5035000000000107
3.8659999999998935 0.5034000000000107
3.8669999999998934 0.5033000000000107
3.8679999999998933 0.5032000000000107
3.868999999999893 0.5031000000000108
3.869999999999893 0.5030000000000108
3.870999999999893 0.5029000000000108
3.871999999999893 0.5028000000000108
3.8729999999998928 0.5027000000000108
3.8739999999998926 0.5026000000000108
3.8749999999998925 0.5025000000000108
3.8759999999998924 0.5024000000000108
3.8769999999998923 0.5023000000000108
3.877999999999892 0.5022000000000109
3.878999999999892 0.5021000000000109
3.879999999999892 0.5020000000000109
3.880999999999892 0.5019000000000109
3.8819999999998918 0.5018000000000109
3.8829999999998916 0.5017000000000109
3.8839999999998915 0.5016000000000109
3.8849999999998914 0.5015000000000109
3.8859999999998913 0.501400000000011
3.886999999999891 0.501300000000011
3.887999999999891 0.501200000000011
3.888999999999891 0.501100000000011
3.889999999999891 0.501000000000011
3.8909999999998908 0.500900000000011
3.8919999999998907 0.500800000000011
3.8929999999998905 0.500700000000011
3.8939999999998904 0.500600000000011
3.8949999999998903 0.500500000000011
3.89599999999989 0.5004000000000111
3.89699999999989 0.5003000000000111
3.89799999999989 0.5002000000000111
3.89899999999989 0.5001000000000111
3.8999999999998898 0.5000000000000111
3.9009999999998897 0.4999000000000111
3.9019999999998896 0.4998000000000111
3.9029999999998894 0.49970000000001114
3.9039999999998893 0.49960000000001115
3.9049999999998892 0.49950000000001116
3.905999999999889 0.49940000000001117
3.906999999999889 0.4993000000000112
3.907999999999889 0.4992000000000112
3.908999999999889 0.4991000000000112
3.9099999999998887 0.4990000000000112
3.9109999999998886 0.4989000000000112
3.9119999999998885 0.49880000000001123
3.9129999999998883 0.49870000000001125
3.9139999999998882 0.49860000000001126
3.914999999999888 0.49850000000001127
3.915999999999888 0.4984000000000113
3.916999999999888 0.4983000000000113
3.917999999999888 0.4982000000000113
3.9189999999998877 0.4981000000000113
3.9199999999998876 0.4980000000000113
3.9209999999998875 0.49790000000001133
3.9219999999998874 0.49780000000001134
3.9229999999998872 0.49770000000001136
3.923999999999887 0.49760000000001137
3.924999999999887 0.4975000000000114
3.925999999999887 0.4974000000000114
3.926999999999887 0.4973000000000114
3.9279999999998867 0.4972000000000114
3.9289999999998866 0.4971000000000114
3.9299999999998865 0.49700000000001143
3.9309999999998864 0.49690000000001144
3.9319999999998863 0.49680000000001145
3.932999999999886 0.49670000000001147
3.933999999999886 0.4966000000000115
3.934999999999886 0.4965000000000115
3.935999999999886 0.4964000000000115
3.9369999999998857 0.4963000000000115
3.9379999999998856 0.4962000000000115
3.9389999999998855 0.49610000000001153
3.9399999999998854 0.49600000000001154
3.9409999999998853 0.49590000000001155
3.941999999999885 0.49580000000001156
3.942999999999885 0.4957000000000116
3.943999999999885 0.4956000000000116
3.944999999999885 0.4955000000000116
3.9459999999998847 0.4954000000000116
3.9469999999998846 0.4953000000000116
3.9479999999998845 0.49520000000001163
3.9489999999998844 0.49510000000001164
3.9499999999998843 0.49500000000001165
3.950999999999884 0.49490000000001166
3.951999999999884 0.4948000000000117
3.952999999999884 0.4947000000000117
3.953999999999884 0.4946000000000117
3.9549999999998837 0.4945000000000117
3.9559999999998836 0.4944000000000117
3.9569999999998835 0.49430000000001173
3.9579999999998834 0.49420000000001174
3.9589999999998833 0.49410000000001175
3.959999999999883 0.49400000000001176
3.960999999999883 0.4939000000000118
3.961999999999883 0.4938000000000118
3.962999999999883 0.4937000000000118
3.9639999999998827 0.4936000000000118
3.9649999999998826 0.4935000000000118
3.9659999999998825 0.49340000000001183
3.9669999999998824 0.49330000000001184
3.9679999999998823 0.49320000000001185
3.968999999999882 0.49310000000001186
3.969999999999882 0.4930000000000119
3.970999999999882 0.4929000000000119
3.971999999999882 0.4928000000000119
3.9729999999998817 0.4927000000000119
3.9739999999998816 0.4926000000000119
3.9749999999998815 0.49250000000001193
3.9759999999998814 0.49240000000001194
3.9769999999998813 0.49230000000001195
3.977999999999881 0.49220000000001196
3.978999999999881 0.492100000000012
3.979999999999881 0.492000000000012
3.980999999999881 0.491900000000012
3.9819999999998807 0.491800000000012
3.9829999999998806 0.491700000000012
3.9839999999998805 0.491600000000012
3.9849999999998804 0.49150000000001204
3.9859999999998803 0.49140000000001205
3.98699999999988 0.49130000000001206
3.98799999999988 0.49120000000001207
3.98899999999988 0.4911000000000121
3.98999999999988 0.4910000000000121
3.9909999999998798 0.4909000000000121
3.9919999999998796 0.4908000000000121
3.9929999999998795 0.4907000000000121
3.9939999999998794 0.49060000000001214
3.9949999999998793 0.49050000000001215
3.995999999999879 0.49040000000001216
3.996999999999879 0.49030000000001217
3.997999999999879 0.4902000000000122
3.998999999999879 0.4901000000000122
3.9999999999998788 0.4900000000000122
