2.9 0.7
2.901 0.6998
2.9019999999999997 0.6996
2.9029999999999996 0.6994
2.9039999999999995 0.6992
2.9049999999999994 0.6990000000000001
2.9059999999999993 0.6988000000000001
2.906999999999999 0.6986000000000001
2.907999999999999 0.6984000000000001
2.908999999999999 0.6982000000000002
2.909999999999999 0.6980000000000002
2.9109999999999987 0.6978000000000002
2.9119999999999986 0.6976000000000002
2.9129999999999985 0.6974000000000002
2.9139999999999984 0.6972000000000003
2.9149999999999983 0.6970000000000003
2.915999999999998 0.6968000000000003
2.916999999999998 0.6966000000000003
2.917999999999998 0.6964000000000004
2.918999999999998 0.6962000000000004
2.9199999999999977 0.6960000000000004
2.9209999999999976 0.6958000000000004
2.9219999999999975 0.6956000000000004
2.9229999999999974 0.6954000000000005
2.9239999999999973 0.6952000000000005
2.924999999999997 0.6950000000000005
2.925999999999997 0.6948000000000005
2.926999999999997 0.6946000000000006
2.927999999999997 0.6944000000000006
2.9289999999999967 0.6942000000000006
2.9299999999999966 0.6940000000000006
2.9309999999999965 0.6938000000000006
2.9319999999999964 0.6936000000000007
2.9329999999999963 0.6934000000000007
2.933999999999996 0.6932000000000007
2.934999999999996 0.6930000000000007
2.935999999999996 0.6928000000000007
2.936999999999996 0.6926000000000008
2.9379999999999957 0.6924000000000008
2.9389999999999956 0.6922000000000008
2.9399999999999955 0.6920000000000008
2.9409999999999954 0.6918000000000009
2.9419999999999953 0.6916000000000009
2.942999999999995 0.6914000000000009
2.943999999999995 0.6912000000000009
2.944999999999995 0.691000000000001
2.945999999999995 0.690800000000001
2.9469999999999947 0.690600000000001
2.9479999999999946 0.690400000000001
2.9489999999999945 0.690200000000001
2.9499999999999944 0.6900000000000011
2.9509999999999943 0.6898000000000011
2.951999999999994 0.6896000000000011
2.952999999999994 0.6894000000000011
2.953999999999994 0.6892000000000011
2.954999999999994 0.6890000000000012
2.9559999999999937 0.6888000000000012
2.9569999999999936 0.6886000000000012
2.9579999999999935 0.6884000000000012
2.9589999999999934 0.6882000000000013
2.9599999999999933 0.6880000000000013
2.960999999999993 0.6878000000000013
2.961999999999993 0.6876000000000013
2.962999999999993 0.6874000000000013
2.963999999999993 0.6872000000000014
2.9649999999999928 0.6870000000000014
2.9659999999999926 0.6868000000000014
2.9669999999999925 0.6866000000000014
2.9679999999999924 0.6864000000000015
2.9689999999999923 0.6862000000000015
2.969999999999992 0.6860000000000015
2.970999999999992 0.6858000000000015
2.971999999999992 0.6856000000000015
2.972999999999992 0.6854000000000016
2.9739999999999918 0.6852000000000016
2.9749999999999917 0.6850000000000016
2.9759999999999915 0.6848000000000016
2.9769999999999914 0.6846000000000017
2.9779999999999913 0.6844000000000017
2.978999999999991 0.6842000000000017
2.979999999999991 0.6840000000000017
2.980999999999991 0.6838000000000017
2.981999999999991 0.6836000000000018
2.9829999999999908 0.6834000000000018
2.9839999999999907 0.6832000000000018
2.9849999999999905 0.6830000000000018
2.9859999999999904 0.6828000000000018
2.9869999999999903 0.6826000000000019
2.98799999999999 0.6824000000000019
2.98899999999999 0.6822000000000019
2.98999999999999 0.6820000000000019
2.99099999999999 0.681800000000002
2.99199999999999 0.681600000000002
2.9929999999999897 0.681400000000002
2.9939999999999896 0.681200000000002
2.9949999999999894 0.681000000000002
2.9959999999999893 0.6808000000000021
2.9969999999999892 0.6806000000000021
2.997999999999989 0.6804000000000021
2.998999999999989 0.6802000000000021
2.999999999999989 0.6800000000000022
3.000999999999989 0.6798000000000022
3.0019999999999887 0.6796000000000022
3.0029999999999886 0.6794000000000022
3.0039999999999885 0.6792000000000022
3.0049999999999883 0.6790000000000023
3.0059999999999882 0.6788000000000023
3.006999999999988 0.6786000000000023
3.007999999999988 0.6784000000000023
3.008999999999988 0.6782000000000024
3.009999999999988 0.6780000000000024
3.0109999999999877 0.6778000000000024
3.0119999999999876 0.6776000000000024
3.0129999999999875 0.6774000000000024
3.0139999999999874 0.6772000000000025
3.0149999999999872 0.6770000000000025
3.015999999999987 0.6768000000000025
3.016999999999987 0.6766000000000025
3.017999999999987 0.6764000000000026
3.018999999999987 0.6762000000000026
3.0199999999999867 0.6760000000000026
3.0209999999999866 0.6758000000000026
3.0219999999999865 0.6756000000000026
3.0229999999999864 0.6754000000000027
3.0239999999999863 0.6752000000000027
3.024999999999986 0.6750000000000027
3.025999999999986 0.6748000000000027
3.026999999999986 0.6746000000000028
3.027999999999986 0.6744000000000028
3.0289999999999857 0.6742000000000028
3.0299999999999856 0.6740000000000028
3.0309999999999855 0.6738000000000028
3.0319999999999854 0.6736000000000029
3.0329999999999853 0.6734000000000029
3.033999999999985 0.6732000000000029
3.034999999999985 0.6730000000000029
3.035999999999985 0.672800000000003
3.036999999999985 0.672600000000003
3.0379999999999847 0.672400000000003
3.0389999999999846 0.672200000000003
3.0399999999999845 0.672000000000003
3.0409999999999844 0.6718000000000031
3.0419999999999843 0.6716000000000031
3.042999999999984 0.6714000000000031
3.043999999999984 0.6712000000000031
3.044999999999984 0.6710000000000031
3.045999999999984 0.6708000000000032
3.0469999999999837 0.6706000000000032
3.0479999999999836 0.6704000000000032
3.0489999999999835 0.6702000000000032
3.0499999999999834 0.6700000000000033
3.0509999999999833 0.6698000000000033
3.051999999999983 0.6696000000000033
3.052999999999983 0.6694000000000033
3.053999999999983 0.6692000000000033
3.054999999999983 0.6690000000000034
3.0559999999999827 0.6688000000000034
3.0569999999999826 0.6686000000000034
3.0579999999999825 0.6684000000000034
3.0589999999999824 0.6682000000000035
3.0599999999999823 0.6680000000000035
3.060999999999982 0.6678000000000035
3.061999999999982 0.6676000000000035
3.062999999999982 0.6674000000000035
3.063999999999982 0.6672000000000036
3.0649999999999817 0.6670000000000036
3.0659999999999816 0.6668000000000036
3.0669999999999815 0.6666000000000036
3.0679999999999814 0.6664000000000037
3.0689999999999813 0.6662000000000037
3.069999999999981 0.6660000000000037
3.070999999999981 0.6658000000000037
3.071999999999981 0.6656000000000037
3.072999999999981 0.6654000000000038
3.0739999999999807 0.6652000000000038
3.0749999999999806 0.6650000000000038
3.0759999999999805 0.6648000000000038
3.0769999999999804 0.6646000000000039
3.0779999999999803 0.6644000000000039
3.07899999999998 0.6642000000000039
3.07999999999998 0.6640000000000039
3.08099999999998 0.6638000000000039
3.08199999999998 0.663600000000004
3.0829999999999798 0.663400000000004
3.0839999999999796 0.663200000000004
3.0849999999999795 0.663000000000004
3.0859999999999794 0.662800000000004
3.0869999999999793 0.6626000000000041
3.087999999999979 0.6624000000000041
3.088999999999979 0.6622000000000041
3.089999999999979 0.6620000000000041
3.090999999999979 0.6618000000000042
3.0919999999999788 0.6616000000000042
3.0929999999999787 0.6614000000000042
3.0939999999999785 0.6612000000000042
3.0949999999999784 0.6610000000000043
3.0959999999999783 0.6608000000000043
3.096999999999978 0.6606000000000043
3.097999999999978 0.6604000000000043
3.098999999999978 0.6602000000000043
3.099999999999978 0.6600000000000044
3.1009999999999778 0.6598000000000044
3.1019999999999777 0.6596000000000044
3.1029999999999776 0.6594000000000044
3.1039999999999774 0.6592000000000044
3.1049999999999773 0.6590000000000045
3.1059999999999772 0.6588000000000045
3.106999999999977 0.6586000000000045
3.107999999999977 0.6584000000000045
3.108999999999977 0.6582000000000046
3.109999999999977 0.6580000000000046
3.1109999999999767 0.6578000000000046
3.1119999999999766 0.6576000000000046
3.1129999999999765 0.6574000000000046
3.1139999999999763 0.6572000000000047
3.1149999999999762 0.6570000000000047
3.115999999999976 0.6568000000000047
3.116999999999976 0.6566000000000047
3.117999999999976 0.6564000000000048
3.118999999999976 0.6562000000000048
3.1199999999999757 0.6560000000000048
3.1209999999999756 0.6558000000000048
3.1219999999999755 0.6556000000000048
3.1229999999999754 0.6554000000000049
3.1239999999999752 0.6552000000000049
3.124999999999975 0.6550000000000049
3.125999999999975 0.6548000000000049
3.126999999999975 0.654600000000005
3.127999999999975 0.654400000000005
3.1289999999999747 0.654200000000005
3.1299999999999746 0.654000000000005
3.1309999999999745 0.653800000000005
3.1319999999999744 0.6536000000000051
3.1329999999999742 0.6534000000000051
3.133999999999974 0.6532000000000051
3.134999999999974 0.6530000000000051
3.135999999999974 0.6528000000000052
3.136999999999974 0.6526000000000052
3.1379999999999737 0.6524000000000052
3.1389999999999736 0.6522000000000052
3.1399999999999735 0.6520000000000052
3.1409999999999734 0.6518000000000053
3.1419999999999733 0.6516000000000053
3.142999999999973 0.6514000000000053
3.143999999999973 0.6512000000000053
3.144999999999973 0.6510000000000054
3.145999999999973 0.6508000000000054
3.1469999999999727 0.6506000000000054
3.1479999999999726 0.6504000000000054
3.1489999999999725 0.6502000000000054
3.1499999999999724 0.6500000000000055
3.1509999999999723 0.6498000000000055
3.151999999999972 0.6496000000000055
3.152999999999972 0.6494000000000055
3.153999999999972 0.6492000000000056
3.154999999999972 0.6490000000000056
3.1559999999999717 0.6488000000000056
3.1569999999999716 0.6486000000000056
3.1579999999999715 0.6484000000000056
3.1589999999999714 0.6482000000000057
3.1599999999999713 0.6480000000000057
3.160999999999971 0.6478000000000057
3.161999999999971 0.6476000000000057
3.162999999999971 0.6474000000000057
3.163999999999971 0.6472000000000058
3.1649999999999707 0.6470000000000058
3.1659999999999706 0.6468000000000058
3.1669999999999705 0.6466000000000058
3.1679999999999704 0.6464000000000059
3.1689999999999703 0.6462000000000059
3.16999999999997 0.6460000000000059
3.17099999999997 0.6458000000000059
3.17199999999997 0.645600000000006
3.17299999999997 0.645400000000006
3.1739999999999697 0.645200000000006
3.1749999999999696 0.645000000000006
3.1759999999999695 0.644800000000006
3.1769999999999694 0.6446000000000061
3.1779999999999693 0.6444000000000061
3.178999999999969 0.6442000000000061
3.179999999999969 0.6440000000000061
3.180999999999969 0.6438000000000061
3.181999999999969 0.6436000000000062
3.1829999999999687 0.6434000000000062
3.1839999999999686 0.6432000000000062
3.1849999999999685 0.6430000000000062
3.1859999999999684 0.6428000000000063
3.1869999999999683 0.6426000000000063
3.187999999999968 0.6424000000000063
3.188999999999968 0.6422000000000063
3.189999999999968 0.6420000000000063
3.190999999999968 0.6418000000000064
3.1919999999999678 0.6416000000000064
3.1929999999999676 0.6414000000000064
3.1939999999999675 0.6412000000000064
3.1949999999999674 0.6410000000000065
3.1959999999999673 0.6408000000000065
3.196999999999967 0.6406000000000065
3.197999999999967 0.6404000000000065
3.198999999999967 0.6402000000000065
3.199999999999967 0.6400000000000066
3.2009999999999668 0.6398000000000066
3.2019999999999667 0.6396000000000066
3.2029999999999665 0.6394000000000066
3.2039999999999664 0.6392000000000067
3.2049999999999663 0.6390000000000067
3.205999999999966 0.6388000000000067
3.206999999999966 0.6386000000000067
3.207999999999966 0.6384000000000067
3.208999999999966 0.6382000000000068
3.2099999999999658 0.6380000000000068
3.2109999999999657 0.6378000000000068
3.2119999999999655 0.6376000000000068
3.2129999999999654 0.6374000000000068
3.2139999999999653 0.6372000000000069
3.214999999999965 0.6370000000000069
3.215999999999965 0.6368000000000069
3.216999999999965 0.6366000000000069
3.217999999999965 0.636400000000007
3.218999999999965 0.636200000000007
3.2199999999999647 0.636000000000007
3.2209999999999646 0.635800000000007
3.2219999999999644 0.635600000000007
3.2229999999999643 0.6354000000000071
3.2239999999999642 0.6352000000000071
3.224999999999964 0.6350000000000071
3.225999999999964 0.6348000000000071
3.226999999999964 0.6346000000000072
3.227999999999964 0.6344000000000072
3.2289999999999637 0.6342000000000072
3.2299999999999636 0.6340000000000072
3.2309999999999635 0.6338000000000072
3.2319999999999633 0.6336000000000073
3.2329999999999632 0.6334000000000073
3.233999999999963 0.6332000000000073
3.234999999999963 0.6330000000000073
3.235999999999963 0.6328000000000074
3.236999999999963 0.6326000000000074
3.2379999999999627 0.6324000000000074
3.2389999999999626 0.6322000000000074
3.2399999999999625 0.6320000000000074
3.2409999999999624 0.6318000000000075
3.2419999999999622 0.6316000000000075
3.242999999999962 0.6314000000000075
3.243999999999962 0.6312000000000075
3.244999999999962 0.6310000000000076
3.245999999999962 0.6308000000000076
3.2469999999999617 0.6306000000000076
3.2479999999999616 0.6304000000000076
3.2489999999999615 0.6302000000000076
3.2499999999999614 0.6300000000000077
3.2509999999999613 0.6298000000000077
3.251999999999961 0.6296000000000077
3.252999999999961 0.6294000000000077
3.253999999999961 0.6292000000000078
3.254999999999961 0.6290000000000078
3.2559999999999607 0.6288000000000078
3.2569999999999606 0.6286000000000078
3.2579999999999605 0.6284000000000078
3.2589999999999604 0.6282000000000079
3.2599999999999603 0.6280000000000079
3.26099999999996 0.6278000000000079
3.26199999999996 0.6276000000000079
3.26299999999996 0.627400000000008
3.26399999999996 0.627200000000008
3.2649999999999597 0.627000000000008
3.2659999999999596 0.626800000000008
3.2669999999999595 0.626600000000008
3.2679999999999594 0.6264000000000081
3.2689999999999593 0.6262000000000081
3.269999999999959 0.6260000000000081
3.270999999999959 0.6258000000000081
3.271999999999959 0.6256000000000081
3.272999999999959 0.6254000000000082
3.2739999999999587 0.6252000000000082
3.2749999999999586 0.6250000000000082
3.2759999999999585 0.6248000000000082
3.2769999999999584 0.6246000000000083
3.2779999999999583 0.6244000000000083
3.278999999999958 0.6242000000000083
3.279999999999958 0.6240000000000083
3.280999999999958 0.6238000000000083
3.281999999999958 0.6236000000000084
3.2829999999999577 0.6234000000000084
3.2839999999999576 0.6232000000000084
3.2849999999999575 0.6230000000000084
3.2859999999999574 0.6228000000000085
3.2869999999999573 0.6226000000000085
3.287999999999957 0.6224000000000085
3.288999999999957 0.6222000000000085
3.289999999999957 0.6220000000000085
3.290999999999957 0.6218000000000086
3.2919999999999567 0.6216000000000086
3.2929999999999566 0.6214000000000086
3.2939999999999565 0.6212000000000086
3.2949999999999564 0.6210000000000087
3.2959999999999563 0.6208000000000087
3.296999999999956 0.6206000000000087
3.297999999999956 0.6204000000000087
3.298999999999956 0.6202000000000087
3.299999999999956 0.6200000000000088
3.3009999999999557 0.6198000000000088
3.3019999999999556 0.6196000000000088
3.3029999999999555 0.6194000000000088
3.3039999999999554 0.6192000000000089
3.3049999999999553 0.6190000000000089
3.305999999999955 0.6188000000000089
3.306999999999955 0.6186000000000089
3.307999999999955 0.6184000000000089
3.308999999999955 0.618200000000009
3.3099999999999548 0.618000000000009
3.3109999999999546 0.617800000000009
3.3119999999999545 0.617600000000009
3.3129999999999544 0.617400000000009
3.3139999999999543 0.6172000000000091
3.314999999999954 0.6170000000000091
3.315999999999954 0.6168000000000091
3.316999999999954 0.6166000000000091
3.317999999999954 0.6164000000000092
3.3189999999999538 0.6162000000000092
3.3199999999999537 0.6160000000000092
3.3209999999999535 0.6158000000000092
3.3219999999999534 0.6156000000000093
3.3229999999999533 0.6154000000000093
3.323999999999953 0.6152000000000093
3.324999999999953 0.6150000000000093
3.325999999999953 0.6148000000000093
3.326999999999953 0.6146000000000094
3.3279999999999528 0.6144000000000094
3.3289999999999527 0.6142000000000094
3.3299999999999526 0.6140000000000094
3.3309999999999524 0.6138000000000094
3.3319999999999523 0.6136000000000095
3.3329999999999522 0.6134000000000095
3.333999999999952 0.6132000000000095
3.334999999999952 0.6130000000000095
3.335999999999952 0.6128000000000096
3.336999999999952 0.6126000000000096
3.3379999999999517 0.6124000000000096
3.3389999999999516 0.6122000000000096
3.3399999999999515 0.6120000000000096
3.3409999999999513 0.6118000000000097
3.3419999999999512 0.6116000000000097
3.342999999999951 0.6114000000000097
3.343999999999951 0.6112000000000097
3.344999999999951 0.6110000000000098
3.345999999999951 0.6108000000000098
3.3469999999999507 0.6106000000000098
3.3479999999999506 0.6104000000000098
3.3489999999999505 0.6102000000000098
3.3499999999999504 0.6100000000000099
3.3509999999999502 0.6098000000000099
3.35199999999995 0.6096000000000099
3.35299999999995 0.6094000000000099
3.35399999999995 0.60920000000001
3.35499999999995 0.60900000000001
3.3559999999999497 0.60880000000001
3.3569999999999496 0.60860000000001
3.3579999999999495 0.60840000000001
3.3589999999999494 0.6082000000000101
3.3599999999999492 0.6080000000000101
3.360999999999949 0.6078000000000101
3.361999999999949 0.6076000000000101
3.362999999999949 0.6074000000000102
3.363999999999949 0.6072000000000102
3.3649999999999487 0.6070000000000102
3.3659999999999486 0.6068000000000102
3.3669999999999485 0.6066000000000102
3.3679999999999484 0.6064000000000103
3.3689999999999483 0.6062000000000103
3.369999999999948 0.6060000000000103
3.370999999999948 0.6058000000000103
3.371999999999948 0.6056000000000104
3.372999999999948 0.6054000000000104
3.3739999999999477 0.6052000000000104
3.3749999999999476 0.6050000000000104
3.3759999999999475 0.6048000000000104
3.3769999999999474 0.6046000000000105
3.3779999999999473 0.6044000000000105
3.378999999999947 0.6042000000000105
3.379999999999947 0.6040000000000105
3.380999999999947 0.6038000000000106
3.381999999999947 0.6036000000000106
3.3829999999999467 0.6034000000000106
3.3839999999999466 0.6032000000000106
3.3849999999999465 0.6030000000000106
3.3859999999999464 0.6028000000000107
3.3869999999999463 0.6026000000000107
3.387999999999946 0.6024000000000107
3.388999999999946 0.6022000000000107
3.389999999999946 0.6020000000000107
3.390999999999946 0.6018000000000108
3.3919999999999457 0.6016000000000108
3.3929999999999456 0.6014000000000108
3.3939999999999455 0.6012000000000108
3.3949999999999454 0.6010000000000109
3.3959999999999453 0.6008000000000109
3.396999999999945 0.6006000000000109
3.397999999999945 0.6004000000000109
3.398999999999945 0.600200000000011
3.399999999999945 0.600000000000011
3.4009999999999447 0.599800000000011
3.4019999999999446 0.599600000000011
3.4029999999999445 0.599400000000011
3.4039999999999444 0.5992000000000111
3.4049999999999443 0.5990000000000111
3.405999999999944 0.5988000000000111
3.406999999999944 0.5986000000000111
3.407999999999944 0.5984000000000111
3.408999999999944 0.5982000000000112
3.4099999999999437 0.5980000000000112
3.4109999999999436 0.5978000000000112
3.4119999999999435 0.5976000000000112
3.4129999999999434 0.5974000000000113
3.4139999999999433 0.5972000000000113
3.414999999999943 0.5970000000000113
3.415999999999943 0.5968000000000113
3.416999999999943 0.5966000000000113
3.417999999999943 0.5964000000000114
3.4189999999999428 0.5962000000000114
3.4199999999999426 0.5960000000000114
3.4209999999999425 0.5958000000000114
3.4219999999999424 0.5956000000000115
3.4229999999999423 0.5954000000000115
3.423999999999942 0.5952000000000115
3.424999999999942 0.5950000000000115
3.425999999999942 0.5948000000000115
3.426999999999942 0.5946000000000116
3.4279999999999418 0.5944000000000116
3.4289999999999417 0.5942000000000116
3.4299999999999415 0.5940000000000116
3.4309999999999414 0.5938000000000117
3.4319999999999413 0.5936000000000117
3.432999999999941 0.5934000000000117
3.433999999999941 0.5932000000000117
3.434999999999941 0.5930000000000117
3.435999999999941 0.5928000000000118
3.4369999999999408 0.5926000000000118
3.4379999999999407 0.5924000000000118
3.4389999999999405 0.5922000000000118
3.4399999999999404 0.5920000000000119
3.4409999999999403 0.5918000000000119
3.44199999999994 0.5916000000000119
3.44299999999994 0.5914000000000119
3.44399999999994 0.5912000000000119
3.44499999999994 0.591000000000012
3.4459999999999398 0.590800000000012
3.4469999999999397 0.590600000000012
3.4479999999999396 0.590400000000012
3.4489999999999394 0.590200000000012
3.4499999999999393 0.5900000000000121
3.4509999999999392 0.5898000000000121
3.451999999999939 0.5896000000000121
3.452999999999939 0.5894000000000121
3.453999999999939 0.5892000000000122
3.454999999999939 0.5890000000000122
3.4559999999999387 0.5888000000000122
3.4569999999999386 0.5886000000000122
3.4579999999999385 0.5884000000000122
3.4589999999999383 0.5882000000000123
3.4599999999999382 0.5880000000000123
3.460999999999938 0.5878000000000123
3.461999999999938 0.5876000000000123
3.462999999999938 0.5874000000000124
3.463999999999938 0.5872000000000124
3.4649999999999377 0.5870000000000124
3.4659999999999376 0.5868000000000124
3.4669999999999375 0.5866000000000124
3.4679999999999374 0.5864000000000125
3.4689999999999372 0.5862000000000125
3.469999999999937 0.5860000000000125
3.470999999999937 0.5858000000000125
3.471999999999937 0.5856000000000126
3.472999999999937 0.5854000000000126
3.4739999999999367 0.5852000000000126
3.4749999999999366 0.5850000000000126
3.4759999999999365 0.5848000000000126
3.4769999999999364 0.5846000000000127
3.4779999999999363 0.5844000000000127
3.478999999999936 0.5842000000000127
3.479999999999936 0.5840000000000127
3.480999999999936 0.5838000000000128
3.481999999999936 0.5836000000000128
3.4829999999999357 0.5834000000000128
3.4839999999999356 0.5832000000000128
3.4849999999999355 0.5830000000000128
3.4859999999999354 0.5828000000000129
3.4869999999999353 0.5826000000000129
3.487999999999935 0.5824000000000129
3.488999999999935 0.5822000000000129
3.489999999999935 0.582000000000013
3.490999999999935 0.581800000000013
3.4919999999999347 0.581600000000013
3.4929999999999346 0.581400000000013
3.4939999999999345 0.581200000000013
3.4949999999999344 0.5810000000000131
3.4959999999999343 0.5808000000000131
3.496999999999934 0.5806000000000131
3.497999999999934 0.5804000000000131
3.498999999999934 0.5802000000000131
3.499999999999934 0.5800000000000132
3.5009999999999337 0.5798000000000132
3.5019999999999336 0.5796000000000132
3.5029999999999335 0.5794000000000132
3.5039999999999334 0.5792000000000133
3.5049999999999333 0.5790000000000133
3.505999999999933 0.5788000000000133
3.506999999999933 0.5786000000000133
3.507999999999933 0.5784000000000133
3.508999999999933 0.5782000000000134
3.5099999999999327 0.5780000000000134
3.5109999999999326 0.5778000000000134
3.5119999999999325 0.5776000000000134
3.5129999999999324 0.5774000000000135
3.5139999999999323 0.5772000000000135
3.514999999999932 0.5770000000000135
3.515999999999932 0.5768000000000135
3.516999999999932 0.5766000000000135
3.517999999999932 0.5764000000000136
3.5189999999999317 0.5762000000000136
3.5199999999999316 0.5760000000000136
3.5209999999999315 0.5758000000000136
3.5219999999999314 0.5756000000000137
3.5229999999999313 0.5754000000000137
3.523999999999931 0.5752000000000137
3.524999999999931 0.5750000000000137
3.525999999999931 0.5748000000000137
3.526999999999931 0.5746000000000138
3.5279999999999307 0.5744000000000138
3.5289999999999306 0.5742000000000138
3.5299999999999305 0.5740000000000138
3.5309999999999304 0.5738000000000139
3.5319999999999303 0.5736000000000139
3.53299999999993 0.5734000000000139
3.53399999999993 0.5732000000000139
3.53499999999993 0.5730000000000139
3.53599999999993 0.572800000000014
3.5369999999999298 0.572600000000014
3.5379999999999296 0.572400000000014
3.5389999999999295 0.572200000000014
3.5399999999999294 0.572000000000014
3.5409999999999293 0.5718000000000141
3.541999999999929 0.5716000000000141
3.542999999999929 0.5714000000000141
3.543999999999929 0.5712000000000141
3.544999999999929 0.5710000000000142
3.5459999999999288 0.5708000000000142
3.5469999999999287 0.5706000000000142
3.5479999999999285 0.5704000000000142
3.5489999999999284 0.5702000000000143
3.5499999999999283 0.5700000000000143
3.550999999999928 0.5698000000000143
3.551999999999928 0.5696000000000143
3.552999999999928 0.5694000000000143
3.553999999999928 0.5692000000000144
3.5549999999999278 0.5690000000000144
3.5559999999999277 0.5688000000000144
3.5569999999999276 0.5686000000000144
3.5579999999999274 0.5684000000000144
3.5589999999999273 0.5682000000000145
3.5599999999999272 0.5680000000000145
3.560999999999927 0.5678000000000145
3.561999999999927 0.5676000000000145
3.562999999999927 0.5674000000000146
3.563999999999927 0.5672000000000146
3.5649999999999267 0.5670000000000146
3.5659999999999266 0.5668000000000146
3.5669999999999265 0.5666000000000146
3.5679999999999263 0.5664000000000147
3.5689999999999262 0.5662000000000147
3.569999999999926 0.5660000000000147
3.570999999999926 0.5658000000000147
3.571999999999926 0.5656000000000148
3.572999999999926 0.5654000000000148
3.5739999999999257 0.5652000000000148
3.5749999999999256 0.5650000000000148
3.5759999999999255 0.5648000000000148
3.5769999999999254 0.5646000000000149
3.5779999999999252 0.5644000000000149
3.578999999999925 0.5642000000000149
3.579999999999925 0.5640000000000149
3.580999999999925 0.563800000000015
3.581999999999925 0.563600000000015
3.5829999999999247 0.563400000000015
3.5839999999999246 0.563200000000015
3.5849999999999245 0.563000000000015
3.5859999999999244 0.5628000000000151
3.5869999999999242 0.5626000000000151
3.587999999999924 0.5624000000000151
3.588999999999924 0.5622000000000151
3.589999999999924 0.5620000000000152
3.590999999999924 0.5618000000000152
3.5919999999999237 0.5616000000000152
3.5929999999999236 0.5614000000000152
3.5939999999999235 0.5612000000000152
3.5949999999999234 0.5610000000000153
3.5959999999999233 0.5608000000000153
3.596999999999923 0.5606000000000153
3.597999999999923 0.5604000000000153
3.598999999999923 0.5602000000000154
3.599999999999923 0.5600000000000154
3.6009999999999227 0.5598000000000154
3.6019999999999226 0.5596000000000154
3.6029999999999225 0.5594000000000154
3.6039999999999224 0.5592000000000155
3.6049999999999223 0.5590000000000155
3.605999999999922 0.5588000000000155
3.606999999999922 0.5586000000000155
3.607999999999922 0.5584000000000156
3.608999999999922 0.5582000000000156
3.6099999999999217 0.5580000000000156
3.6109999999999216 0.5578000000000156
3.6119999999999215 0.5576000000000156
3.6129999999999214 0.5574000000000157
3.6139999999999213 0.5572000000000157
3.614999999999921 0.5570000000000157
3.615999999999921 0.5568000000000157
3.616999999999921 0.5566000000000157
3.617999999999921 0.5564000000000158
3.6189999999999207 0.5562000000000158
3.6199999999999206 0.5560000000000158
3.6209999999999205 0.5558000000000158
3.6219999999999204 0.5556000000000159
3.6229999999999203 0.5554000000000159
3.62399999999992 0.5552000000000159
3.62499999999992 0.5550000000000159
3.62599999999992 0.554800000000016
3.62699999999992 0.554600000000016
3.6279999999999197 0.554400000000016
3.6289999999999196 0.554200000000016
3.6299999999999195 0.554000000000016
3.6309999999999194 0.5538000000000161
3.6319999999999193 0.5536000000000161
3.632999999999919 0.5534000000000161
3.633999999999919 0.5532000000000161
3.634999999999919 0.5530000000000161
3.635999999999919 0.5528000000000162
3.6369999999999187 0.5526000000000162
3.6379999999999186 0.5524000000000162
3.6389999999999185 0.5522000000000162
3.6399999999999184 0.5520000000000163
3.6409999999999183 0.5518000000000163
3.641999999999918 0.5516000000000163
3.642999999999918 0.5514000000000163
3.643999999999918 0.5512000000000163
3.644999999999918 0.5510000000000164
3.6459999999999178 0.5508000000000164
3.6469999999999176 0.5506000000000164
3.6479999999999175 0.5504000000000164
3.6489999999999174 0.5502000000000165
3.6499999999999173 0.5500000000000165
3.650999999999917 0.5498000000000165
3.651999999999917 0.5496000000000165
3.652999999999917 0.5494000000000165
3.653999999999917 0.5492000000000166
3.6549999999999168 0.5490000000000166
3.6559999999999166 0.5488000000000166
3.6569999999999165 0.5486000000000166
3.6579999999999164 0.5484000000000167
3.6589999999999163 0.5482000000000167
3.659999999999916 0.5480000000000167
3.660999999999916 0.5478000000000167
3.661999999999916 0.5476000000000167
3.662999999999916 0.5474000000000168
3.6639999999999158 0.5472000000000168
3.6649999999999157 0.5470000000000168
3.6659999999999155 0.5468000000000168
3.6669999999999154 0.5466000000000169
3.6679999999999153 0.5464000000000169
3.668999999999915 0.5462000000000169
3.669999999999915 0.5460000000000169
3.670999999999915 0.5458000000000169
3.671999999999915 0.545600000000017
3.6729999999999148 0.545400000000017
3.6739999999999147 0.545200000000017
3.6749999999999146 0.545000000000017
3.6759999999999144 0.544800000000017
3.6769999999999143 0.5446000000000171
3.6779999999999142 0.5444000000000171
3.678999999999914 0.5442000000000171
3.679999999999914 0.5440000000000171
3.680999999999914 0.5438000000000172
3.681999999999914 0.5436000000000172
3.6829999999999137 0.5434000000000172
3.6839999999999136 0.5432000000000172
3.6849999999999135 0.5430000000000172
3.6859999999999133 0.5428000000000173
3.6869999999999132 0.5426000000000173
3.687999999999913 0.5424000000000173
3.688999999999913 0.5422000000000173
3.689999999999913 0.5420000000000174
3.690999999999913 0.5418000000000174
3.6919999999999127 0.5416000000000174
3.6929999999999126 0.5414000000000174
3.6939999999999125 0.5412000000000174
3.6949999999999124 0.5410000000000175
3.6959999999999122 0.5408000000000175
3.696999999999912 0.5406000000000175
3.697999999999912 0.5404000000000175
3.698999999999912 0.5402000000000176
3.699999999999912 0.5400000000000176
3.7009999999999117 0.5398000000000176
3.7019999999999116 0.5396000000000176
3.7029999999999115 0.5394000000000176
3.7039999999999114 0.5392000000000177
3.7049999999999113 0.5390000000000177
3.705999999999911 0.5388000000000177
3.706999999999911 0.5386000000000177
3.707999999999911 0.5384000000000178
3.708999999999911 0.5382000000000178
3.7099999999999107 0.5380000000000178
3.7109999999999106 0.5378000000000178
3.7119999999999105 0.5376000000000178
3.7129999999999104 0.5374000000000179
3.7139999999999103 0.5372000000000179
3.71499999999991 0.5370000000000179
3.71599999999991 0.5368000000000179
3.71699999999991 0.536600000000018
3.71799999999991 0.536400000000018
3.7189999999999097 0.536200000000018
3.7199999999999096 0.536000000000018
3.7209999999999095 0.535800000000018
3.7219999999999094 0.5356000000000181
3.7229999999999093 0.5354000000000181
3.723999999999909 0.5352000000000181
3.724999999999909 0.5350000000000181
3.725999999999909 0.5348000000000181
3.726999999999909 0.5346000000000182
3.7279999999999087 0.5344000000000182
3.7289999999999086 0.5342000000000182
3.7299999999999085 0.5340000000000182
3.7309999999999084 0.5338000000000183
3.7319999999999083 0.5336000000000183
3.732999999999908 0.5334000000000183
3.733999999999908 0.5332000000000183
3.734999999999908 0.5330000000000183
3.735999999999908 0.5328000000000184
3.7369999999999077 0.5326000000000184
3.7379999999999076 0.5324000000000184
3.7389999999999075 0.5322000000000184
3.7399999999999074 0.5320000000000185
3.7409999999999073 0.5318000000000185
3.741999999999907 0.5316000000000185
3.742999999999907 0.5314000000000185
3.743999999999907 0.5312000000000185
3.744999999999907 0.5310000000000186
3.7459999999999067 0.5308000000000186
3.7469999999999066 0.5306000000000186
3.7479999999999065 0.5304000000000186
3.7489999999999064 0.5302000000000187
3.7499999999999063 0.5300000000000187
3.750999999999906 0.5298000000000187
3.751999999999906 0.5296000000000187
3.752999999999906 0.5294000000000187
3.753999999999906 0.5292000000000188
3.7549999999999057 0.5290000000000188
3.7559999999999056 0.5288000000000188
3.7569999999999055 0.5286000000000188
3.7579999999999054 0.5284000000000189
3.7589999999999053 0.5282000000000189
3.759999999999905 0.5280000000000189
3.760999999999905 0.5278000000000189
3.761999999999905 0.5276000000000189
3.762999999999905 0.527400000000019
3.7639999999999048 0.527200000000019
3.7649999999999046 0.527000000000019
3.7659999999999045 0.526800000000019
3.7669999999999044 0.526600000000019
3.7679999999999043 0.5264000000000191
3.768999999999904 0.5262000000000191
3.769999999999904 0.5260000000000191
3.770999999999904 0.5258000000000191
3.771999999999904 0.5256000000000192
3.7729999999999038 0.5254000000000192
3.7739999999999037 0.5252000000000192
3.7749999999999035 0.5250000000000192
3.7759999999999034 0.5248000000000193
3.7769999999999033 0.5246000000000193
3.777999999999903 0.5244000000000193
3.778999999999903 0.5242000000000193
3.779999999999903 0.5240000000000193
3.780999999999903 0.5238000000000194
3.7819999999999028 0.5236000000000194
3.7829999999999027 0.5234000000000194
3.7839999999999026 0.5232000000000194
3.7849999999999024 0.5230000000000194
3.7859999999999023 0.5228000000000195
3.7869999999999022 0.5226000000000195
3.787999999999902 0.5224000000000195
3.788999999999902 0.5222000000000195
3.789999999999902 0.5220000000000196
3.790999999999902 0.5218000000000196
3.7919999999999017 0.5216000000000196
3.7929999999999016 0.5214000000000196
3.7939999999999015 0.5212000000000196
3.7949999999999013 0.5210000000000197
3.7959999999999012 0.5208000000000197
3.796999999999901 0.5206000000000197
3.797999999999901 0.5204000000000197
3.798999999999901 0.5202000000000198
3.799999999999901 0.5200000000000198
3.8009999999999007 0.5198000000000198
3.8019999999999006 0.5196000000000198
3.8029999999999005 0.5194000000000198
3.8039999999999003 0.5192000000000199
3.8049999999999002 0.5190000000000199
3.8059999999999 0.5188000000000199
3.8069999999999 0.5186000000000199
3.8079999999999 0.51840000000002
3.8089999999999 0.51820000000002
3.8099999999998997 0.51800000000002
3.8109999999998996 0.51780000000002
3.8119999999998995 0.51760000000002
3.8129999999998994 0.5174000000000201
3.8139999999998992 0.5172000000000201
3.814999999999899 0.5170000000000201
3.815999999999899 0.5168000000000201
3.816999999999899 0.5166000000000202
3.817999999999899 0.5164000000000202
3.8189999999998987 0.5162000000000202
3.8199999999998986 0.5160000000000202
3.8209999999998985 0.5158000000000202
3.8219999999998984 0.5156000000000203
3.8229999999998983 0.5154000000000203
3.823999999999898 0.5152000000000203
3.824999999999898 0.5150000000000203
3.825999999999898 0.5148000000000204
3.826999999999898 0.5146000000000204
3.8279999999998977 0.5144000000000204
3.8289999999998976 0.5142000000000204
3.8299999999998975 0.5140000000000204
3.8309999999998974 0.5138000000000205
3.8319999999998973 0.5136000000000205
3.832999999999897 0.5134000000000205
3.833999999999897 0.5132000000000205
3.834999999999897 0.5130000000000206
3.835999999999897 0.5128000000000206
3.8369999999998967 0.5126000000000206
3.8379999999998966 0.5124000000000206
3.8389999999998965 0.5122000000000206
3.8399999999998964 0.5120000000000207
3.8409999999998963 0.5118000000000207
3.841999999999896 0.5116000000000207
3.842999999999896 0.5114000000000207
3.843999999999896 0.5112000000000207
3.844999999999896 0.5110000000000208
3.8459999999998957 0.5108000000000208
3.8469999999998956 0.5106000000000208
3.8479999999998955 0.5104000000000208
3.8489999999998954 0.5102000000000209
3.8499999999998953 0.5100000000000209
3.850999999999895 0.5098000000000209
3.851999999999895 0.5096000000000209
3.852999999999895 0.509400000000021
3.853999999999895 0.509200000000021
3.8549999999998947 0.509000000000021
3.8559999999998946 0.508800000000021
3.8569999999998945 0.508600000000021
3.8579999999998944 0.5084000000000211
3.8589999999998943 0.5082000000000211
3.859999999999894 0.5080000000000211
3.860999999999894 0.5078000000000211
3.861999999999894 0.5076000000000211
3.862999999999894 0.5074000000000212
3.8639999999998937 0.5072000000000212
3.8649999999998936 0.5070000000000212
3.8659999999998935 0.5068000000000212
3.8669999999998934 0.5066000000000213
3.8679999999998933 0.5064000000000213
3.868999999999893 0.5062000000000213
3.869999999999893 0.5060000000000213
3.870999999999893 0.5058000000000213
3.871999999999893 0.5056000000000214
3.8729999999998928 0.5054000000000214
3.8739999999998926 0.5052000000000214
3.8749999999998925 0.5050000000000214
3.8759999999998924 0.5048000000000215
3.8769999999998923 0.5046000000000215
3.877999999999892 0.5044000000000215
3.878999999999892 0.5042000000000215
3.879999999999892 0.5040000000000215
3.880999999999892 0.5038000000000216
3.8819999999998918 0.5036000000000216
3.8829999999998916 0.5034000000000216
3.8839999999998915 0.5032000000000216
3.8849999999998914 0.5030000000000217
3.8859999999998913 0.5028000000000217
3.886999999999891 0.5026000000000217
3.887999999999891 0.5024000000000217
3.888999999999891 0.5022000000000217
3.889999999999891 0.5020000000000218
3.8909999999998908 0.5018000000000218
3.8919999999998907 0.5016000000000218
3.8929999999998905 0.5014000000000218
3.8939999999998904 0.5012000000000219
3.8949999999998903 0.5010000000000219
3.89599999999989 0.5008000000000219
3.89699999999989 0.5006000000000219
3.89799999999989 0.5004000000000219
3.89899999999989 0.500200000000022
3.8999999999998898 0.500000000000022
3.9009999999998897 0.499800000000022
3.9019999999998896 0.499600000000022
3.9029999999998894 0.49940000000002205
3.9039999999998893 0.49920000000002207
3.9049999999998892 0.4990000000000221
3.905999999999889 0.4988000000000221
3.906999999999889 0.49860000000002214
3.907999999999889 0.49840000000002216
3.908999999999889 0.4982000000000222
3.9099999999998887 0.4980000000000222
3.9109999999998886 0.4978000000000222
3.9119999999998885 0.49760000000002225
3.9129999999998883 0.49740000000002227
3.9139999999998882 0.4972000000000223
3.914999999999888 0.4970000000000223
3.915999999999888 0.49680000000002233
3.916999999999888 0.49660000000002236
3.917999999999888 0.4964000000000224
3.9189999999998877 0.4962000000000224
3.9199999999998876 0.4960000000000224
3.9209999999998875 0.49580000000002244
3.9219999999998874 0.49560000000002247
3.9229999999998872 0.4954000000000225
3.923999999999887 0.4952000000000225
3.924999999999887 0.49500000000002253
3.925999999999887 0.49480000000002256
3.926999999999887 0.4946000000000226
3.9279999999998867 0.4944000000000226
3.9289999999998866 0.4942000000000226
3.9299999999998865 0.49400000000002264
3.9309999999998864 0.49380000000002267
3.9319999999998863 0.4936000000000227
3.932999999999886 0.4934000000000227
3.933999999999886 0.49320000000002273
3.934999999999886 0.49300000000002275
3.935999999999886 0.4928000000000228
3.9369999999998857 0.4926000000000228
3.9379999999998856 0.4924000000000228
3.9389999999998855 0.49220000000002284
3.9399999999998854 0.49200000000002286
3.9409999999998853 0.4918000000000229
3.941999999999885 0.4916000000000229
3.942999999999885 0.49140000000002293
3.943999999999885 0.49120000000002295
3.944999999999885 0.491000000000023
3.9459999999998847 0.490800000000023
3.9469999999998846 0.490600000000023
3.9479999999998845 0.49040000000002304
3.9489999999998844 0.49020000000002306
3.9499999999998843 0.4900000000000231
3.950999999999884 0.4898000000000231
3.951999999999884 0.48960000000002313
3.952999999999884 0.48940000000002315
3.953999999999884 0.48920000000002317
3.9549999999998837 0.4890000000000232
3.9559999999998836 0.4888000000000232
3.9569999999998835 0.48860000000002324
3.9579999999998834 0.48840000000002326
3.9589999999998833 0.4882000000000233
3.959999999999883 0.4880000000000233
3.960999999999883 0.4878000000000233
3.961999999999883 0.48760000000002335
3.962999999999883 0.48740000000002337
3.9639999999998827 0.4872000000000234
3.9649999999998826 0.4870000000000234
3.9659999999998825 0.48680000000002344
3.9669999999998824 0.48660000000002346
3.9679999999998823 0.4864000000000235
3.968999999999882 0.4862000000000235
3.969999999999882 0.4860000000000235
3.970999999999882 0.48580000000002355
3.971999999999882 0.48560000000002357
3.9729999999998817 0.4854000000000236
3.9739999999998816 0.4852000000000236
3.9749999999998815 0.48500000000002363
3.9759999999998814 0.48480000000002366
3.9769999999998813 0.4846000000000237
3.977999999999881 0.4844000000000237
3.978999999999881 0.4842000000000237
3.979999999999881 0.48400000000002374
3.980999999999881 0.48380000000002377
3.9819999999998807 0.4836000000000238
3.9829999999998806 0.4834000000000238
3.9839999999998805 0.48320000000002383
3.9849999999998804 0.48300000000002385
3.9859999999998803 0.4828000000000239
3.98699999999988 0.4826000000000239
3.98799999999988 0.4824000000000239
3.98899999999988 0.48220000000002394
3.98999999999988 0.48200000000002396
3.9909999999998798 0.481800000000024
3.9919999999998796 0.481600000000024
3.9929999999998795 0.48140000000002403
3.9939999999998794 0.48120000000002405
3.9949999999998793 0.4810000000000241
3.995999999999879 0.4808000000000241
3.996999999999879 0.4806000000000241
3.997999999999879 0.48040000000002414
3.998999999999879 0.48020000000002416
3.9999999999998788 0.4800000000000242
