2.9 0.30000000000000004
2.901 0.3003997999999999
2.9019999999999997 0.30079919999999993
2.9029999999999996 0.30119819999999997
2.9039999999999995 0.3015967999999998
2.9049999999999994 0.3019949999999998
2.9059999999999993 0.3023927999999998
2.906999999999999 0.3027901999999998
2.907999999999999 0.30318719999999977
2.908999999999999 0.3035837999999995
2.909999999999999 0.3039799999999995
2.9109999999999987 0.30437579999999964
2.9119999999999986 0.3047711999999996
2.9129999999999985 0.3051661999999995
2.9139999999999984 0.3055607999999994
2.9149999999999983 0.3059549999999993
2.915999999999998 0.3063487999999994
2.916999999999998 0.3067421999999993
2.917999999999998 0.30713519999999916
2.918999999999998 0.30752779999999924
2.9199999999999977 0.3079199999999991
2.9209999999999976 0.30831179999999914
2.9219999999999975 0.3087031999999992
2.9229999999999974 0.309094199999999
2.9239999999999973 0.309484799999999
2.924999999999997 0.309874999999999
2.925999999999997 0.310264799999999
2.926999999999997 0.310654199999999
2.927999999999997 0.31104319999999874
2.9289999999999967 0.3114317999999987
2.9299999999999966 0.3118199999999989
2.9309999999999965 0.3122077999999988
2.9319999999999964 0.31259519999999874
2.9329999999999963 0.31298219999999866
2.933999999999996 0.31336879999999856
2.934999999999996 0.31375499999999845
2.935999999999996 0.31414079999999855
2.936999999999996 0.3145261999999984
2.9379999999999957 0.3149111999999985
2.9389999999999956 0.31529579999999835
2.9399999999999955 0.3156799999999984
2.9409999999999954 0.31606379999999823
2.9419999999999953 0.31644719999999826
2.942999999999995 0.3168301999999983
2.943999999999995 0.3172127999999981
2.944999999999995 0.3175949999999981
2.945999999999995 0.31797679999999806
2.9469999999999947 0.31835819999999804
2.9479999999999946 0.318739199999998
2.9489999999999945 0.31911979999999796
2.9499999999999944 0.3194999999999979
2.9509999999999943 0.3198797999999978
2.951999999999994 0.32025919999999775
2.952999999999994 0.3206381999999979
2.953999999999994 0.32101679999999777
2.954999999999994 0.3213949999999979
2.9559999999999937 0.32177279999999775
2.9569999999999936 0.3221501999999976
2.9579999999999935 0.3225271999999977
2.9589999999999934 0.3229037999999975
2.9599999999999933 0.32327999999999757
2.960999999999993 0.3236557999999976
2.961999999999993 0.3240311999999974
2.962999999999993 0.3244061999999974
2.963999999999993 0.3247807999999974
2.9649999999999928 0.3251549999999974
2.9659999999999926 0.3255287999999974
2.9669999999999925 0.32590219999999737
2.9679999999999924 0.3262751999999973
2.9689999999999923 0.32664779999999727
2.969999999999992 0.3270199999999972
2.970999999999992 0.3273917999999971
2.971999999999992 0.32776319999999703
2.972999999999992 0.32813419999999716
2.9739999999999918 0.32850479999999704
2.9749999999999917 0.3288749999999969
2.9759999999999915 0.329244799999997
2.9769999999999914 0.32961419999999686
2.9779999999999913 0.3299831999999969
2.978999999999991 0.33035179999999675
2.979999999999991 0.3307199999999968
2.980999999999991 0.3310877999999968
2.981999999999991 0.33145519999999684
2.9829999999999908 0.3318221999999966
2.9839999999999907 0.3321887999999966
2.9849999999999905 0.3325549999999966
2.9859999999999904 0.3329207999999966
2.9869999999999903 0.33328619999999654
2.98799999999999 0.3336511999999965
2.98899999999999 0.3340157999999964
2.98999999999999 0.33437999999999657
2.99099999999999 0.33474379999999626
2.99199999999999 0.3351071999999964
2.9929999999999897 0.3354701999999963
2.9939999999999896 0.33583279999999616
2.9949999999999894 0.33619499999999625
2.9959999999999893 0.3365567999999961
2.9969999999999892 0.33691819999999617
2.997999999999989 0.3372791999999962
2.998999999999989 0.33763979999999605
2.999999999999989 0.3379999999999961
3.000999999999989 0.3383597999999961
3.0019999999999887 0.3387191999999961
3.0029999999999886 0.3390781999999959
3.0039999999999885 0.3394367999999959
3.0049999999999883 0.33979499999999585
3.0059999999999882 0.3401527999999958
3.006999999999988 0.34051019999999577
3.007999999999988 0.3408671999999957
3.008999999999988 0.34122379999999564
3.009999999999988 0.3415799999999958
3.0109999999999877 0.3419357999999957
3.0119999999999876 0.3422911999999956
3.0129999999999875 0.3426461999999957
3.0139999999999874 0.34300079999999555
3.0149999999999872 0.34335499999999564
3.015999999999987 0.3437087999999955
3.016999999999987 0.34406219999999554
3.017999999999987 0.3444151999999956
3.018999999999987 0.3447677999999954
3.0199999999999867 0.34511999999999543
3.0209999999999866 0.3454717999999952
3.0219999999999865 0.3458231999999952
3.0229999999999864 0.3461741999999952
3.0239999999999863 0.3465247999999952
3.024999999999986 0.34687499999999516
3.025999999999986 0.3472247999999951
3.026999999999986 0.3475741999999953
3.027999999999986 0.3479231999999952
3.0289999999999857 0.34827179999999514
3.0299999999999856 0.34861999999999504
3.0309999999999855 0.34896779999999494
3.0319999999999854 0.34931519999999505
3.0329999999999853 0.3496621999999949
3.033999999999985 0.3500087999999948
3.034999999999985 0.35035499999999486
3.035999999999985 0.3507007999999949
3.036999999999985 0.35104619999999476
3.0379999999999847 0.3513911999999948
3.0389999999999846 0.3517357999999948
3.0399999999999845 0.35207999999999484
3.0409999999999844 0.3524237999999946
3.0419999999999843 0.3527671999999946
3.042999999999984 0.3531101999999946
3.043999999999984 0.35345279999999457
3.044999999999984 0.35379499999999453
3.045999999999984 0.3541367999999945
3.0469999999999837 0.3544781999999944
3.0479999999999836 0.35481919999999456
3.0489999999999835 0.3551597999999945
3.0499999999999834 0.3554999999999944
3.0509999999999833 0.3558397999999945
3.051999999999983 0.35617919999999437
3.052999999999983 0.35651819999999446
3.053999999999983 0.3568567999999943
3.054999999999983 0.3571949999999944
3.0559999999999827 0.3575327999999942
3.0569999999999826 0.35787019999999425
3.0579999999999825 0.3582071999999943
3.0589999999999824 0.3585437999999941
3.0599999999999823 0.3588799999999941
3.060999999999982 0.3592157999999941
3.061999999999982 0.3595511999999941
3.062999999999982 0.35988619999999405
3.063999999999982 0.360220799999994
3.0649999999999817 0.36055499999999396
3.0659999999999816 0.3608887999999939
3.0669999999999815 0.36122219999999383
3.0679999999999814 0.36155519999999375
3.0689999999999813 0.3618877999999939
3.069999999999981 0.36221999999999377
3.070999999999981 0.3625517999999939
3.071999999999981 0.36288319999999374
3.072999999999981 0.3632141999999938
3.0739999999999807 0.3635447999999937
3.0749999999999806 0.36387499999999373
3.0759999999999805 0.36420479999999356
3.0769999999999804 0.3645341999999936
3.0779999999999803 0.3648631999999936
3.07899999999998 0.3651917999999936
3.07999999999998 0.36551999999999363
3.08099999999998 0.3658477999999936
3.08199999999998 0.3661751999999934
3.0829999999999798 0.36650219999999334
3.0839999999999796 0.3668287999999935
3.0849999999999795 0.36715499999999346
3.0859999999999794 0.3674807999999934
3.0869999999999793 0.3678061999999933
3.087999999999979 0.3681311999999932
3.088999999999979 0.36845579999999334
3.089999999999979 0.3687799999999932
3.090999999999979 0.3691037999999931
3.0919999999999788 0.3694271999999932
3.0929999999999787 0.36975019999999326
3.0939999999999785 0.3700727999999931
3.0949999999999784 0.37039499999999315
3.0959999999999783 0.37071679999999296
3.096999999999978 0.371038199999993
3.097999999999978 0.371359199999993
3.098999999999978 0.371679799999993
3.099999999999978 0.371999999999993
3.1009999999999778 0.372319799999993
3.1019999999999777 0.37263919999999295
3.1029999999999776 0.3729581999999929
3.1039999999999774 0.37327679999999286
3.1049999999999773 0.3735949999999928
3.1059999999999772 0.37391279999999294
3.106999999999977 0.37423019999999285
3.107999999999977 0.37454719999999275
3.108999999999977 0.37486379999999264
3.109999999999977 0.37517999999999274
3.1109999999999767 0.3754957999999926
3.1119999999999766 0.3758111999999927
3.1129999999999765 0.3761261999999925
3.1139999999999763 0.3764407999999926
3.1149999999999762 0.3767549999999926
3.115999999999976 0.37706879999999265
3.116999999999976 0.3773821999999927
3.117999999999976 0.37769519999999246
3.118999999999976 0.37800779999999246
3.1199999999999757 0.37831999999999244
3.1209999999999756 0.3786317999999924
3.1219999999999755 0.3789431999999924
3.1229999999999754 0.3792541999999923
3.1239999999999752 0.3795647999999925
3.124999999999975 0.3798749999999924
3.125999999999975 0.38018479999999233
3.126999999999975 0.38049419999999223
3.127999999999975 0.38080319999999235
3.1289999999999747 0.38111179999999223
3.1299999999999746 0.3814199999999921
3.1309999999999745 0.3817277999999922
3.1319999999999744 0.38203519999999225
3.1329999999999742 0.3823421999999921
3.133999999999974 0.38264879999999213
3.134999999999974 0.38295499999999216
3.135999999999974 0.3832607999999922
3.136999999999974 0.383566199999992
3.1379999999999737 0.383871199999992
3.1389999999999736 0.38417579999999196
3.1399999999999735 0.38447999999999194
3.1409999999999734 0.3847837999999919
3.1419999999999733 0.38508719999999186
3.142999999999973 0.385390199999992
3.143999999999973 0.38569279999999195
3.144999999999973 0.3859949999999919
3.145999999999973 0.3862967999999918
3.1469999999999727 0.3865981999999919
3.1479999999999726 0.3868991999999918
3.1489999999999725 0.3871997999999919
3.1499999999999724 0.38749999999999174
3.1509999999999723 0.3877997999999918
3.151999999999972 0.38809919999999165
3.152999999999972 0.3883981999999917
3.153999999999972 0.38869679999999174
3.154999999999972 0.38899499999999176
3.1559999999999717 0.38929279999999156
3.1569999999999716 0.38959019999999156
3.1579999999999715 0.38988719999999155
3.1589999999999714 0.39018379999999153
3.1599999999999713 0.3904799999999915
3.160999999999971 0.39077579999999146
3.161999999999971 0.3910711999999916
3.162999999999971 0.39136619999999156
3.163999999999971 0.3916607999999915
3.1649999999999707 0.3919549999999914
3.1659999999999706 0.3922487999999913
3.1669999999999705 0.3925421999999914
3.1679999999999704 0.3928351999999913
3.1689999999999703 0.39312779999999137
3.16999999999997 0.3934199999999912
3.17099999999997 0.3937117999999913
3.17199999999997 0.39400319999999134
3.17299999999997 0.3942941999999914
3.1739999999999697 0.3945847999999912
3.1749999999999696 0.3948749999999912
3.1759999999999695 0.3951647999999912
3.1769999999999694 0.3954541999999912
3.1779999999999693 0.3957431999999912
3.178999999999969 0.39603179999999116
3.179999999999969 0.3963199999999911
3.180999999999969 0.3966077999999911
3.181999999999969 0.39689519999999123
3.1829999999999687 0.39718219999999116
3.1839999999999686 0.3974687999999911
3.1849999999999685 0.397754999999991
3.1859999999999684 0.3980407999999911
3.1869999999999683 0.39832619999999097
3.187999999999968 0.39861119999999106
3.188999999999968 0.3988957999999909
3.189999999999968 0.399179999999991
3.190999999999968 0.3994637999999908
3.1919999999999678 0.39974719999999087
3.1929999999999676 0.4000301999999909
3.1939999999999675 0.4003127999999909
3.1949999999999674 0.40059499999999093
3.1959999999999673 0.40087679999999093
3.196999999999967 0.4011581999999907
3.197999999999967 0.4014391999999909
3.198999999999967 0.40171979999999086
3.199999999999967 0.4019999999999908
3.2009999999999668 0.40227979999999075
3.2019999999999667 0.4025591999999907
3.2029999999999665 0.4028381999999906
3.2039999999999664 0.4031167999999907
3.2049999999999663 0.4033949999999906
3.205999999999966 0.40367279999999073
3.206999999999966 0.4039501999999906
3.207999999999966 0.4042271999999907
3.208999999999966 0.40450379999999053
3.2099999999999658 0.4047799999999906
3.2109999999999657 0.40505579999999064
3.2119999999999655 0.40533119999999045
3.2129999999999654 0.4056061999999905
3.2139999999999653 0.4058807999999905
3.214999999999965 0.4061549999999905
3.215999999999965 0.4064287999999905
3.216999999999965 0.40670219999999047
3.217999999999965 0.40697519999999043
3.218999999999965 0.4072477999999904
3.2199999999999647 0.40751999999999033
3.2209999999999646 0.4077917999999905
3.2219999999999644 0.4080631999999904
3.2229999999999643 0.4083341999999903
3.2239999999999642 0.40860479999999044
3.224999999999964 0.40887499999999033
3.225999999999964 0.4091447999999904
3.226999999999964 0.4094141999999903
3.227999999999964 0.40968319999999037
3.2289999999999637 0.40995179999999043
3.2299999999999636 0.41021999999999026
3.2309999999999635 0.4104877999999903
3.2319999999999633 0.41075519999999033
3.2329999999999632 0.4110221999999901
3.233999999999963 0.41128879999999035
3.234999999999963 0.4115549999999901
3.235999999999963 0.4118207999999901
3.236999999999963 0.4120861999999901
3.2379999999999627 0.41235119999999026
3.2389999999999626 0.4126157999999902
3.2399999999999625 0.41287999999999014
3.2409999999999624 0.41314379999999007
3.2419999999999622 0.4134071999999902
3.242999999999962 0.4136701999999901
3.243999999999962 0.41393279999999
3.244999999999962 0.4141949999999901
3.245999999999962 0.41445679999998997
3.2469999999999617 0.41471819999999004
3.2479999999999616 0.4149791999999901
3.2489999999999615 0.41523979999998994
3.2499999999999614 0.41549999999999
3.2509999999999613 0.41575979999999
3.251999999999961 0.41601919999999004
3.252999999999961 0.41627819999999005
3.253999999999961 0.41653679999999005
3.254999999999961 0.41679499999999003
3.2559999999999607 0.41705279999999
3.2569999999999606 0.41731019999999
3.2579999999999605 0.4175671999999899
3.2589999999999604 0.41782379999998986
3.2599999999999603 0.4180799999999898
3.26099999999996 0.41833579999998993
3.26199999999996 0.41859119999998984
3.26299999999996 0.41884619999998995
3.26399999999996 0.41910079999998984
3.2649999999999597 0.41935499999998993
3.2659999999999596 0.4196087999999898
3.2669999999999595 0.41986219999998986
3.2679999999999594 0.4201151999999897
3.2689999999999593 0.42036779999998974
3.269999999999959 0.4206199999999898
3.270999999999959 0.4208717999999898
3.271999999999959 0.4211231999999898
3.272999999999959 0.4213741999999898
3.2739999999999587 0.4216247999999898
3.2749999999999586 0.4218749999999898
3.2759999999999585 0.42212479999998975
3.2769999999999584 0.4223741999999897
3.2779999999999583 0.42262319999998965
3.278999999999958 0.4228717999999896
3.279999999999958 0.4231199999999897
3.280999999999958 0.42336779999998964
3.281999999999958 0.42361519999998953
3.2829999999999577 0.42386219999998964
3.2839999999999576 0.4241087999999895
3.2849999999999575 0.4243549999999896
3.2859999999999574 0.4246007999999897
3.2869999999999573 0.4248461999999895
3.287999999999957 0.42509119999998957
3.288999999999957 0.4253357999999896
3.289999999999957 0.42557999999998963
3.290999999999957 0.4258237999999894
3.2919999999999567 0.42606719999998943
3.2929999999999566 0.4263101999999894
3.2939999999999565 0.42655279999998963
3.2949999999999564 0.4267949999999894
3.2959999999999563 0.42703679999998956
3.296999999999956 0.4272781999999895
3.297999999999956 0.42751919999998944
3.298999999999956 0.4277597999999896
3.299999999999956 0.4279999999999895
3.3009999999999557 0.4282397999999894
3.3019999999999556 0.4284791999999895
3.3029999999999555 0.4287181999999894
3.3039999999999554 0.4289567999999895
3.3049999999999553 0.42919499999998934
3.305999999999955 0.4294327999999894
3.306999999999955 0.42967019999998946
3.307999999999955 0.4299071999999893
3.308999999999955 0.4301437999999893
3.3099999999999548 0.4303799999999893
3.3109999999999546 0.43061579999998933
3.3119999999999545 0.43085119999998933
3.3129999999999544 0.4310861999999893
3.3139999999999543 0.4313207999999893
3.314999999999954 0.43155499999998925
3.315999999999954 0.4317887999999892
3.316999999999954 0.43202219999998936
3.317999999999954 0.4322551999999893
3.3189999999999538 0.4324877999999892
3.3199999999999537 0.43271999999998934
3.3209999999999535 0.43295179999998923
3.3219999999999534 0.43318319999998933
3.3229999999999533 0.4334141999999892
3.323999999999953 0.4336447999999893
3.324999999999953 0.43387499999998935
3.325999999999953 0.4341047999999892
3.326999999999953 0.43433419999998923
3.3279999999999528 0.43456319999998927
3.3289999999999527 0.4347917999999893
3.3299999999999526 0.4350199999999893
3.3309999999999524 0.4352477999999893
3.3319999999999523 0.4354751999999893
3.3329999999999522 0.43570219999998927
3.333999999999952 0.43592879999998924
3.334999999999952 0.4361549999999892
3.335999999999952 0.43638079999998913
3.336999999999952 0.43660619999998906
3.3379999999999517 0.4368311999999892
3.3389999999999516 0.4370557999999891
3.3399999999999515 0.43727999999998923
3.3409999999999513 0.4375037999999891
3.3419999999999512 0.4377271999999892
3.342999999999951 0.4379501999999891
3.343999999999951 0.43817279999998915
3.344999999999951 0.4383949999999892
3.345999999999951 0.43861679999998926
3.3469999999999507 0.4388381999999891
3.3479999999999506 0.4390591999999891
3.3489999999999505 0.4392797999999891
3.3499999999999504 0.4394999999999891
3.3509999999999502 0.4397197999999891
3.35199999999995 0.4399391999999891
3.35299999999995 0.44015819999998906
3.35399999999995 0.440376799999989
3.35499999999995 0.4405949999999892
3.3559999999999497 0.4408127999999891
3.3569999999999496 0.44103019999998905
3.3579999999999495 0.4412471999999892
3.3589999999999494 0.4414637999999891
3.3599999999999492 0.44167999999998897
3.360999999999949 0.44189579999998907
3.361999999999949 0.44211119999998916
3.362999999999949 0.442326199999989
3.363999999999949 0.4425407999999891
3.3649999999999487 0.44275499999998913
3.3659999999999486 0.44296879999998917
3.3669999999999485 0.443182199999989
3.3679999999999484 0.443395199999989
3.3689999999999483 0.443607799999989
3.369999999999948 0.443819999999989
3.370999999999948 0.444031799999989
3.371999999999948 0.44424319999998896
3.372999999999948 0.44445419999998914
3.3739999999999477 0.4446647999999891
3.3749999999999476 0.44487499999998903
3.3759999999999475 0.44508479999998896
3.3769999999999474 0.4452941999999891
3.3779999999999473 0.445503199999989
3.378999999999947 0.4457117999999891
3.379999999999947 0.445919999999989
3.380999999999947 0.4461277999999891
3.381999999999947 0.44633519999998894
3.3829999999999467 0.446542199999989
3.3839999999999466 0.44674879999998907
3.3849999999999465 0.4469549999999891
3.3859999999999464 0.4471607999999889
3.3869999999999463 0.44736619999998894
3.387999999999946 0.44757119999998896
3.388999999999946 0.44777579999998895
3.389999999999946 0.44797999999998894
3.390999999999946 0.4481837999999889
3.3919999999999457 0.4483871999999891
3.3929999999999456 0.44859019999998906
3.3939999999999455 0.448792799999989
3.3949999999999454 0.44899499999998893
3.3959999999999453 0.44919679999998907
3.396999999999945 0.449398199999989
3.397999999999945 0.4495991999999891
3.398999999999945 0.449799799999989
3.399999999999945 0.4499999999999891
3.4009999999999447 0.7396198000000209
3.4019999999999446 0.739239200000021
3.4029999999999445 0.738858200000021
3.4039999999999444 0.738476800000021
3.4049999999999443 0.7380950000000212
3.405999999999944 0.7377128000000212
3.406999999999944 0.7373302000000213
3.407999999999944 0.7369472000000213
3.408999999999944 0.7365638000000214
3.4099999999999437 0.7361800000000215
3.4109999999999436 0.7357958000000215
3.4119999999999435 0.7354112000000216
3.4129999999999434 0.7350262000000216
3.4139999999999433 0.7346408000000217
3.414999999999943 0.7342550000000218
3.415999999999943 0.7338688000000219
3.416999999999943 0.733482200000022
3.417999999999943 0.7330952000000219
3.4189999999999428 0.732707800000022
3.4199999999999426 0.7323200000000221
3.4209999999999425 0.7319318000000222
3.4219999999999424 0.7315432000000223
3.4229999999999423 0.7311542000000223
3.423999999999942 0.7307648000000224
3.424999999999942 0.7303750000000224
3.425999999999942 0.7299848000000225
3.426999999999942 0.7295942000000226
3.4279999999999418 0.7292032000000226
3.4289999999999417 0.7288118000000227
3.4299999999999415 0.7284200000000227
3.4309999999999414 0.7280278000000229
3.4319999999999413 0.7276352000000229
3.432999999999941 0.7272422000000229
3.433999999999941 0.726848800000023
3.434999999999941 0.726455000000023
3.435999999999941 0.7260608000000232
3.4369999999999408 0.7256662000000232
3.4379999999999407 0.7252712000000233
3.4389999999999405 0.7248758000000234
3.4399999999999404 0.7244800000000234
3.4409999999999403 0.7240838000000235
3.44199999999994 0.7236872000000236
3.44299999999994 0.7232902000000236
3.44399999999994 0.7228928000000236
3.44499999999994 0.7224950000000239
3.4459999999999398 0.7220968000000239
3.4469999999999397 0.7216982000000238
3.4479999999999396 0.721299200000024
3.4489999999999394 0.720899800000024
3.4499999999999393 0.7205000000000241
3.4509999999999392 0.7200998000000243
3.451999999999939 0.7196992000000242
3.452999999999939 0.7192982000000243
3.453999999999939 0.7188968000000244
3.454999999999939 0.7184950000000245
3.4559999999999387 0.7180928000000246
3.4569999999999386 0.7176902000000247
3.4579999999999385 0.7172872000000248
3.4589999999999383 0.7168838000000248
3.4599999999999382 0.7164800000000249
3.460999999999938 0.7160758000000249
3.461999999999938 0.7156712000000249
3.462999999999938 0.7152662000000249
3.463999999999938 0.7148608000000252
3.4649999999999377 0.7144550000000252
3.4659999999999376 0.7140488000000251
3.4669999999999375 0.7136422000000253
3.4679999999999374 0.7132352000000253
3.4689999999999372 0.7128278000000254
3.469999999999937 0.7124200000000256
3.470999999999937 0.7120118000000255
3.471999999999937 0.7116032000000256
3.472999999999937 0.7111942000000258
3.4739999999999367 0.7107848000000259
3.4749999999999366 0.7103750000000257
3.4759999999999365 0.7099648000000258
3.4769999999999364 0.7095542000000259
3.4779999999999363 0.709143200000026
3.478999999999936 0.7087318000000262
3.479999999999936 0.7083200000000263
3.480999999999936 0.7079078000000263
3.481999999999936 0.7074952000000263
3.4829999999999357 0.7070822000000263
3.4839999999999356 0.7066688000000265
3.4849999999999355 0.7062550000000265
3.4859999999999354 0.7058408000000267
3.4869999999999353 0.7054262000000266
3.487999999999935 0.7050112000000268
3.488999999999935 0.7045958000000268
3.489999999999935 0.7041800000000269
3.490999999999935 0.703763800000027
3.4919999999999347 0.7033472000000272
3.4929999999999346 0.702930200000027
3.4939999999999345 0.7025128000000271
3.4949999999999344 0.7020950000000272
3.4959999999999343 0.7016768000000273
3.496999999999934 0.7012582000000274
3.497999999999934 0.7008392000000274
3.498999999999934 0.7004198000000275
3.499999999999934 0.7000000000000277
3.5009999999999337 0.6995798000000277
3.5019999999999336 0.6991592000000277
3.5029999999999335 0.698738200000028
3.5039999999999334 0.6983168000000279
3.5049999999999333 0.6978950000000279
3.505999999999933 0.6974728000000281
3.506999999999933 0.697050200000028
3.507999999999933 0.6966272000000282
3.508999999999933 0.6962038000000283
3.5099999999999327 0.6957800000000283
3.5109999999999326 0.6953558000000284
3.5119999999999325 0.6949312000000285
3.5129999999999324 0.6945062000000286
3.5139999999999323 0.6940808000000287
3.514999999999932 0.6936550000000288
3.515999999999932 0.6932288000000288
3.516999999999932 0.6928022000000289
3.517999999999932 0.692375200000029
3.5189999999999317 0.691947800000029
3.5199999999999316 0.691520000000029
3.5209999999999315 0.6910918000000292
3.5219999999999314 0.6906632000000292
3.5229999999999313 0.6902342000000294
3.523999999999931 0.6898048000000294
3.524999999999931 0.6893750000000294
3.525999999999931 0.6889448000000296
3.526999999999931 0.6885142000000297
3.5279999999999307 0.6880832000000296
3.5289999999999306 0.6876518000000298
3.5299999999999305 0.6872200000000299
3.5309999999999304 0.68678780000003
3.5319999999999303 0.6863552000000299
3.53299999999993 0.68592220000003
3.53399999999993 0.6854888000000301
3.53499999999993 0.6850550000000302
3.53599999999993 0.6846208000000302
3.5369999999999298 0.6841862000000303
3.5379999999999296 0.6837512000000305
3.5389999999999295 0.6833158000000306
3.5399999999999294 0.6828800000000306
3.5409999999999293 0.6824438000000308
3.541999999999929 0.6820072000000308
3.542999999999929 0.6815702000000308
3.543999999999929 0.681132800000031
3.544999999999929 0.6806950000000309
3.5459999999999288 0.6802568000000311
3.5469999999999287 0.6798182000000312
3.5479999999999285 0.6793792000000312
3.5489999999999284 0.6789398000000313
3.5499999999999283 0.6785000000000314
3.550999999999928 0.6780598000000315
3.551999999999928 0.6776192000000316
3.552999999999928 0.6771782000000317
3.553999999999928 0.6767368000000318
3.5549999999999278 0.6762950000000318
3.5559999999999277 0.6758528000000319
3.5569999999999276 0.6754102000000319
3.5579999999999274 0.674967200000032
3.5589999999999273 0.674523800000032
3.5599999999999272 0.6740800000000322
3.560999999999927 0.6736358000000322
3.561999999999927 0.6731912000000324
3.562999999999927 0.6727462000000324
3.563999999999927 0.6723008000000326
3.5649999999999267 0.6718550000000325
3.5659999999999266 0.6714088000000327
3.5669999999999265 0.6709622000000326
3.5679999999999263 0.6705152000000327
3.5689999999999262 0.6700678000000329
3.569999999999926 0.669620000000033
3.570999999999926 0.6691718000000331
3.571999999999926 0.6687232000000332
3.572999999999926 0.6682742000000332
3.5739999999999257 0.6678248000000333
3.5749999999999256 0.6673750000000334
3.5759999999999255 0.6669248000000334
3.5769999999999254 0.6664742000000334
3.5779999999999252 0.6660232000000337
3.578999999999925 0.6655718000000337
3.579999999999925 0.6651200000000337
3.580999999999925 0.6646678000000339
3.581999999999925 0.6642152000000339
3.5829999999999247 0.663762200000034
3.5839999999999246 0.663308800000034
3.5849999999999245 0.6628550000000342
3.5859999999999244 0.6624008000000343
3.5869999999999242 0.6619462000000342
3.587999999999924 0.6614912000000344
3.588999999999924 0.6610358000000345
3.589999999999924 0.6605800000000346
3.590999999999924 0.6601238000000347
3.5919999999999237 0.6596672000000348
3.5929999999999236 0.6592102000000348
3.5939999999999235 0.6587528000000349
3.5949999999999234 0.6582950000000349
3.5959999999999233 0.657836800000035
3.596999999999923 0.657378200000035
3.597999999999923 0.6569192000000352
3.598999999999923 0.6564598000000352
3.599999999999923 0.6560000000000354
3.6009999999999227 0.6555398000000354
3.6019999999999226 0.6550792000000356
3.6029999999999225 0.6546182000000356
3.6039999999999224 0.6541568000000357
3.6049999999999223 0.6536950000000357
3.605999999999922 0.6532328000000358
3.606999999999922 0.6527702000000359
3.607999999999922 0.6523072000000361
3.608999999999922 0.6518438000000362
3.6099999999999217 0.6513800000000363
3.6109999999999216 0.6509158000000363
3.6119999999999215 0.6504512000000364
3.6129999999999214 0.6499862000000365
3.6139999999999213 0.6495208000000365
3.614999999999921 0.6490550000000366
3.615999999999921 0.6485888000000366
3.616999999999921 0.6481222000000368
3.617999999999921 0.6476552000000368
3.6189999999999207 0.6471878000000368
3.6199999999999206 0.646720000000037
3.6209999999999205 0.646251800000037
3.6219999999999204 0.6457832000000372
3.6229999999999203 0.6453142000000371
3.62399999999992 0.6448448000000373
3.62499999999992 0.6443750000000374
3.62599999999992 0.6439048000000376
3.62699999999992 0.6434342000000375
3.6279999999999197 0.6429632000000376
3.6289999999999196 0.6424918000000377
3.6299999999999195 0.6420200000000378
3.6309999999999194 0.6415478000000379
3.6319999999999193 0.6410752000000379
3.632999999999919 0.640602200000038
3.633999999999919 0.6401288000000382
3.634999999999919 0.6396550000000383
3.635999999999919 0.6391808000000383
3.6369999999999187 0.6387062000000385
3.6379999999999186 0.6382312000000385
3.6389999999999185 0.6377558000000385
3.6399999999999184 0.6372800000000387
3.6409999999999183 0.6368038000000387
3.641999999999918 0.6363272000000388
3.642999999999918 0.635850200000039
3.643999999999918 0.6353728000000389
3.644999999999918 0.6348950000000391
3.6459999999999178 0.6344168000000392
3.6469999999999176 0.6339382000000393
3.6479999999999175 0.6334592000000394
3.6489999999999174 0.6329798000000395
3.6499999999999173 0.6325000000000396
3.650999999999917 0.6320198000000397
3.651999999999917 0.6315392000000397
3.652999999999917 0.6310582000000398
3.653999999999917 0.6305768000000398
3.6549999999999168 0.63009500000004
3.6559999999999166 0.62961280000004
3.6569999999999165 0.62913020000004
3.6579999999999164 0.6286472000000403
3.6589999999999163 0.6281638000000402
3.659999999999916 0.6276800000000404
3.660999999999916 0.6271958000000404
3.661999999999916 0.6267112000000405
3.662999999999916 0.6262262000000407
3.6639999999999158 0.6257408000000408
3.6649999999999157 0.6252550000000408
3.6659999999999155 0.6247688000000409
3.6669999999999154 0.624282200000041
3.6679999999999153 0.6237952000000411
3.668999999999915 0.6233078000000412
3.669999999999915 0.6228200000000412
3.670999999999915 0.6223318000000413
3.671999999999915 0.6218432000000413
3.6729999999999148 0.6213542000000416
3.6739999999999147 0.6208648000000416
3.6749999999999146 0.6203750000000416
3.6759999999999144 0.6198848000000419
3.6769999999999143 0.6193942000000419
3.6779999999999142 0.6189032000000421
3.678999999999914 0.618411800000042
3.679999999999914 0.6179200000000422
3.680999999999914 0.6174278000000422
3.681999999999914 0.6169352000000423
3.6829999999999137 0.6164422000000425
3.6839999999999136 0.6159488000000426
3.6849999999999135 0.6154550000000425
3.6859999999999133 0.6149608000000426
3.6869999999999132 0.6144662000000427
3.687999999999913 0.6139712000000428
3.688999999999913 0.6134758000000429
3.689999999999913 0.6129800000000429
3.690999999999913 0.6124838000000432
3.6919999999999127 0.6119872000000433
3.6929999999999126 0.6114902000000433
3.6939999999999125 0.6109928000000433
3.6949999999999124 0.6104950000000435
3.6959999999999122 0.6099968000000435
3.696999999999912 0.6094982000000437
3.697999999999912 0.6089992000000437
3.698999999999912 0.6084998000000439
3.699999999999912 0.6080000000000438
3.7009999999999117 0.607499800000044
3.7019999999999116 0.6069992000000441
3.7029999999999115 0.6064982000000443
3.7039999999999114 0.6059968000000442
3.7049999999999113 0.6054950000000443
3.705999999999911 0.6049928000000444
3.706999999999911 0.6044902000000445
3.707999999999911 0.6039872000000446
3.708999999999911 0.6034838000000446
3.7099999999999107 0.6029800000000449
3.7109999999999106 0.602475800000045
3.7119999999999105 0.601971200000045
3.7129999999999104 0.601466200000045
3.7139999999999103 0.6009608000000453
3.71499999999991 0.6004550000000453
3.71599999999991 0.5999488000000455
3.71699999999991 0.5994422000000454
3.71799999999991 0.5989352000000456
3.7189999999999097 0.5984278000000456
3.7199999999999096 0.5979200000000457
3.7209999999999095 0.5974118000000459
3.7219999999999094 0.596903200000046
3.7229999999999093 0.596394200000046
3.723999999999909 0.5958848000000461
3.724999999999909 0.5953750000000462
3.725999999999909 0.5948648000000463
3.726999999999909 0.5943542000000464
3.7279999999999087 0.5938432000000464
3.7289999999999086 0.5933318000000465
3.7299999999999085 0.5928200000000468
3.7309999999999084 0.5923078000000468
3.7319999999999083 0.5917952000000468
3.732999999999908 0.591282200000047
3.733999999999908 0.5907688000000471
3.734999999999908 0.590255000000047
3.735999999999908 0.5897408000000472
3.7369999999999077 0.5892262000000474
3.7379999999999076 0.5887112000000474
3.7389999999999075 0.5881958000000476
3.7399999999999074 0.5876800000000477
3.7409999999999073 0.5871638000000476
3.741999999999907 0.5866472000000478
3.742999999999907 0.5861302000000479
3.743999999999907 0.585612800000048
3.744999999999907 0.5850950000000481
3.7459999999999067 0.5845768000000482
3.7469999999999066 0.5840582000000483
3.7479999999999065 0.5835392000000483
3.7489999999999064 0.5830198000000484
3.7499999999999063 0.5825000000000486
3.750999999999906 0.5819798000000487
3.751999999999906 0.5814592000000487
3.752999999999906 0.5809382000000489
3.753999999999906 0.5804168000000489
3.7549999999999057 0.5798950000000491
3.7559999999999056 0.5793728000000491
3.7569999999999055 0.5788502000000493
3.7579999999999054 0.5783272000000492
3.7589999999999053 0.5778038000000494
3.759999999999905 0.5772800000000495
3.760999999999905 0.5767558000000497
3.761999999999905 0.5762312000000498
3.762999999999905 0.5757062000000497
3.7639999999999048 0.5751808000000498
3.7649999999999046 0.5746550000000499
3.7659999999999045 0.5741288000000502
3.7669999999999044 0.5736022000000502
3.7679999999999043 0.5730752000000503
3.768999999999904 0.5725478000000503
3.769999999999904 0.5720200000000504
3.770999999999904 0.5714918000000506
3.771999999999904 0.5709632000000506
3.7729999999999038 0.5704342000000509
3.7739999999999037 0.5699048000000508
3.7749999999999035 0.569375000000051
3.7759999999999034 0.568844800000051
3.7769999999999033 0.5683142000000512
3.777999999999903 0.5677832000000513
3.778999999999903 0.5672518000000513
3.779999999999903 0.5667200000000514
3.780999999999903 0.5661878000000515
3.7819999999999028 0.5656552000000517
3.7829999999999027 0.5651222000000518
3.7839999999999026 0.5645888000000518
3.7849999999999024 0.5640550000000519
3.7859999999999023 0.563520800000052
3.7869999999999022 0.5629862000000521
3.787999999999902 0.5624512000000521
3.788999999999902 0.5619158000000524
3.789999999999902 0.5613800000000524
3.790999999999902 0.5608438000000524
3.7919999999999017 0.5603072000000526
3.7929999999999016 0.5597702000000526
3.7939999999999015 0.5592328000000528
3.7949999999999013 0.558695000000053
3.7959999999999012 0.558156800000053
3.796999999999901 0.5576182000000531
3.797999999999901 0.5570792000000533
3.798999999999901 0.5565398000000532
3.799999999999901 0.5560000000000533
3.8009999999999007 0.5554598000000535
3.8019999999999006 0.5549192000000536
3.8029999999999005 0.5543782000000537
3.8039999999999003 0.5538368000000538
3.8049999999999002 0.5532950000000538
3.8059999999999 0.5527528000000539
3.8069999999999 0.5522102000000542
3.8079999999999 0.5516672000000542
3.8089999999999 0.5511238000000542
3.8099999999998997 0.5505800000000545
3.8109999999998996 0.5500358000000545
3.8119999999998995 0.5494912000000547
3.8129999999998994 0.5489462000000547
3.8139999999998992 0.5484008000000549
3.814999999999899 0.5478550000000548
3.815999999999899 0.547308800000055
3.816999999999899 0.5467622000000552
3.817999999999899 0.5462152000000553
3.8189999999998987 0.5456678000000552
3.8199999999998986 0.5451200000000553
3.8209999999998985 0.5445718000000555
3.8219999999998984 0.5440232000000556
3.8229999999998983 0.5434742000000556
3.823999999999898 0.5429248000000557
3.824999999999898 0.542375000000056
3.825999999999898 0.5418248000000561
3.826999999999898 0.5412742000000561
3.8279999999998977 0.5407232000000561
3.8289999999998976 0.5401718000000564
3.8299999999998975 0.5396200000000564
3.8309999999998974 0.5390678000000566
3.8319999999998973 0.5385152000000566
3.832999999999897 0.5379622000000568
3.833999999999897 0.5374088000000568
3.834999999999897 0.5368550000000569
3.835999999999897 0.5363008000000571
3.8369999999998967 0.535746200000057
3.8379999999998966 0.5351912000000572
3.8389999999998965 0.5346358000000573
3.8399999999998964 0.5340800000000574
3.8409999999998963 0.5335238000000575
3.841999999999896 0.5329672000000576
3.842999999999896 0.5324102000000577
3.843999999999896 0.5318528000000577
3.844999999999896 0.531295000000058
3.8459999999998957 0.5307368000000581
3.8469999999998956 0.5301782000000581
3.8479999999998955 0.5296192000000584
3.8489999999998954 0.5290598000000584
3.8499999999998953 0.5285000000000584
3.850999999999895 0.5279398000000586
3.851999999999895 0.5273792000000588
3.852999999999895 0.5268182000000587
3.853999999999895 0.5262568000000589
3.8549999999998947 0.5256950000000591
3.8559999999998946 0.525132800000059
3.8569999999998945 0.5245702000000592
3.8579999999998944 0.5240072000000593
3.8589999999998943 0.5234438000000594
3.859999999999894 0.5228800000000595
3.860999999999894 0.5223158000000596
3.861999999999894 0.5217512000000597
3.862999999999894 0.5211862000000598
3.8639999999998937 0.5206208000000598
3.8649999999998936 0.5200550000000601
3.8659999999998935 0.5194888000000601
3.8669999999998934 0.5189222000000602
3.8679999999998933 0.5183552000000604
3.868999999999893 0.5177878000000604
3.869999999999893 0.5172200000000606
3.870999999999893 0.5166518000000606
3.871999999999893 0.5160832000000608
3.8729999999998928 0.5155142000000608
3.8739999999998926 0.5149448000000609
3.8749999999998925 0.5143750000000611
3.8759999999998924 0.5138048000000612
3.8769999999998923 0.5132342000000614
3.877999999999892 0.5126632000000615
3.878999999999892 0.5120918000000616
3.879999999999892 0.5115200000000617
3.880999999999892 0.5109478000000618
3.8819999999998918 0.5103752000000619
3.8829999999998916 0.5098022000000619
3.8839999999998915 0.509228800000062
3.8849999999998914 0.508655000000062
3.8859999999998913 0.5080808000000623
3.886999999999891 0.5075062000000623
3.887999999999891 0.5069312000000625
3.888999999999891 0.5063558000000625
3.889999999999891 0.5057800000000627
3.8909999999998908 0.5052038000000627
3.8919999999998907 0.5046272000000629
3.8929999999998905 0.5040502000000631
3.8939999999998904 0.503472800000063
3.8949999999998903 0.5028950000000632
3.89599999999989 0.5023168000000633
3.89699999999989 0.5017382000000634
3.89799999999989 0.5011592000000635
3.89899999999989 0.5005798000000636
3.8999999999998898 0.5000000000000637
3.9009999999998897 0.4994198000000638
3.9019999999998896 0.4988392000000639
3.9029999999998894 0.49825820000006416
3.9039999999998893 0.4976768000000642
3.9049999999998892 0.49709500000006424
3.905999999999889 0.4965128000000645
3.906999999999889 0.4959302000000645
3.907999999999889 0.4953472000000647
3.908999999999889 0.4947638000000647
3.9099999999998887 0.4941800000000649
3.9109999999998886 0.49359580000006487
3.9119999999998885 0.49301120000006504
3.9129999999998883 0.4924262000000652
3.9139999999998882 0.49184080000006536
3.914999999999888 0.4912550000000653
3.915999999999888 0.4906688000000654
3.916999999999888 0.4900822000000655
3.917999999999888 0.48949520000006563
3.9189999999998877 0.48890780000006573
3.9199999999998876 0.48832000000006603
3.9209999999998875 0.4877318000000661
3.9219999999998874 0.48714320000006617
3.9229999999998872 0.4865542000000662
3.923999999999887 0.48596480000006625
3.924999999999887 0.4853750000000665
3.925999999999887 0.4847848000000665
3.926999999999887 0.48419420000006674
3.9279999999998867 0.48360320000006674
3.9289999999998866 0.48301180000006694
3.9299999999998865 0.48242000000006713
3.9309999999998864 0.4818278000000671
3.9319999999998863 0.48123520000006725
3.932999999999886 0.4806422000000674
3.933999999999886 0.48004880000006755
3.934999999999886 0.4794550000000677
3.935999999999886 0.4788608000000676
3.9369999999998857 0.4782662000000677
3.9379999999998856 0.477671200000068
3.9389999999998855 0.4770758000000681
3.9399999999998854 0.4764800000000682
3.9409999999998853 0.47588380000006825
3.941999999999885 0.4752872000000683
3.942999999999885 0.47469020000006856
3.943999999999885 0.4740928000000686
3.944999999999885 0.4734950000000686
3.9459999999998847 0.47289680000006884
3.9469999999998846 0.47229820000006884
3.9479999999998845 0.47169920000006904
3.9489999999998844 0.47109980000006924
3.9499999999998843 0.4705000000000692
3.950999999999884 0.46989980000006937
3.951999999999884 0.4692992000000695
3.952999999999884 0.4686982000000697
3.953999999999884 0.4680968000000698
3.9549999999998837 0.4674950000000697
3.9559999999998836 0.46689280000006983
3.9569999999998835 0.46629020000006993
3.9579999999998834 0.46568720000007024
3.9589999999998833 0.4650838000000703
3.959999999999883 0.4644800000000704
3.960999999999883 0.46387580000007045
3.961999999999883 0.4632712000000707
3.962999999999883 0.46266620000007075
3.9639999999998827 0.46206080000007077
3.9649999999998826 0.461455000000071
3.9659999999998825 0.460848800000071
3.9669999999998824 0.4602422000000712
3.9679999999998823 0.4596352000000712
3.968999999999882 0.4590278000000714
3.969999999999882 0.45842000000007155
3.970999999999882 0.4578118000000717
3.971999999999882 0.45720320000007164
3.9729999999998817 0.4565942000000718
3.9739999999998816 0.4559848000000719
3.9749999999998815 0.455375000000072
3.9759999999998814 0.45476480000007213
3.9769999999998813 0.45415420000007223
3.977999999999881 0.45354320000007253
3.978999999999881 0.4529318000000726
3.979999999999881 0.45232000000007266
3.980999999999881 0.4517078000000727
3.9819999999998807 0.45109520000007297
3.9829999999998806 0.450482200000073
3.9839999999998805 0.44986880000007323
3.9849999999998804 0.44925500000007323
3.9859999999998803 0.44864080000007345
3.98699999999988 0.4480262000000734
3.98799999999988 0.4474112000000736
3.98899999999988 0.4467958000000738
3.98999999999988 0.44618000000007374
3.9909999999998798 0.4455638000000739
3.9919999999998796 0.44494720000007404
3.9929999999998795 0.44433020000007417
3.9939999999998794 0.4437128000000743
3.9949999999998793 0.4430950000000744
3.995999999999879 0.4424768000000745
3.996999999999879 0.4418582000000746
3.997999999999879 0.44123920000007466
3.998999999999879 0.44061980000007495
3.9999999999998788 0.440000000000075
