2.9 0.6899999999999997
2.901 0.6899099000000002
2.9019999999999997 0.6898195999999998
2.9029999999999996 0.6897291000000002
2.9039999999999995 0.6896383999999998
2.9049999999999994 0.6895475000000002
2.9059999999999993 0.6894563999999997
2.906999999999999 0.6893651000000003
2.907999999999999 0.6892735999999998
2.908999999999999 0.6891819000000002
2.909999999999999 0.6890899999999999
2.9109999999999987 0.6889979000000003
2.9119999999999986 0.6889055999999999
2.9129999999999985 0.6888131000000003
2.9139999999999984 0.6887203999999999
2.9149999999999983 0.6886275000000003
2.915999999999998 0.6885343999999999
2.916999999999998 0.6884411000000004
2.917999999999998 0.6883476
2.918999999999998 0.6882539000000003
2.9199999999999977 0.68816
2.9209999999999976 0.6880659000000003
2.9219999999999975 0.6879716
2.9229999999999974 0.6878771000000004
2.9239999999999973 0.6877824
2.924999999999997 0.6876875000000005
2.925999999999997 0.6875924
2.926999999999997 0.6874971000000004
2.927999999999997 0.6874016000000001
2.9289999999999967 0.6873059000000005
2.9299999999999966 0.6872100000000001
2.9309999999999965 0.6871139000000005
2.9319999999999964 0.6870176000000001
2.9329999999999963 0.6869211000000005
2.933999999999996 0.6868244000000001
2.934999999999996 0.6867275000000005
2.935999999999996 0.6866304000000001
2.936999999999996 0.6865331000000006
2.9379999999999957 0.6864356000000001
2.9389999999999956 0.6863379000000006
2.9399999999999955 0.6862400000000002
2.9409999999999954 0.6861419000000006
2.9419999999999953 0.6860436000000002
2.942999999999995 0.6859451000000006
2.943999999999995 0.6858464000000002
2.944999999999995 0.6857475000000006
2.945999999999995 0.6856484000000003
2.9469999999999947 0.6855491000000007
2.9479999999999946 0.6854496000000002
2.9489999999999945 0.6853499000000007
2.9499999999999944 0.6852500000000002
2.9509999999999943 0.6851499000000008
2.951999999999994 0.6850496000000003
2.952999999999994 0.6849491000000008
2.953999999999994 0.6848484000000004
2.954999999999994 0.6847475000000007
2.9559999999999937 0.6846464000000003
2.9569999999999936 0.6845451000000008
2.9579999999999935 0.6844436000000004
2.9589999999999934 0.6843419000000008
2.9599999999999933 0.6842400000000004
2.960999999999993 0.6841379000000009
2.961999999999993 0.6840356000000004
2.962999999999993 0.6839331000000008
2.963999999999993 0.6838304000000005
2.9649999999999928 0.6837275000000009
2.9659999999999926 0.6836244000000005
2.9669999999999925 0.6835211000000009
2.9679999999999924 0.6834176000000005
2.9689999999999923 0.6833139000000009
2.969999999999992 0.6832100000000005
2.970999999999992 0.6831059000000009
2.971999999999992 0.6830016000000005
2.972999999999992 0.682897100000001
2.9739999999999918 0.6827924000000006
2.9749999999999917 0.682687500000001
2.9759999999999915 0.6825824000000006
2.9769999999999914 0.6824771000000011
2.9779999999999913 0.6823716000000006
2.978999999999991 0.6822659000000011
2.979999999999991 0.6821600000000007
2.980999999999991 0.6820539000000011
2.981999999999991 0.6819476000000007
2.9829999999999908 0.6818411000000011
2.9839999999999907 0.6817344000000007
2.9849999999999905 0.6816275000000012
2.9859999999999904 0.6815204000000007
2.9869999999999903 0.6814131000000012
2.98799999999999 0.6813056000000007
2.98899999999999 0.6811979000000012
2.98999999999999 0.6810900000000008
2.99099999999999 0.6809819000000013
2.99199999999999 0.6808736000000009
2.9929999999999897 0.6807651000000012
2.9939999999999896 0.6806564000000008
2.9949999999999894 0.6805475000000013
2.9959999999999893 0.6804384000000009
2.9969999999999892 0.6803291000000014
2.997999999999989 0.6802196000000009
2.998999999999989 0.6801099000000014
2.999999999999989 0.6800000000000009
3.000999999999989 0.6798899000000014
3.0019999999999887 0.6797796000000009
3.0029999999999886 0.6796691000000015
3.0039999999999885 0.679558400000001
3.0049999999999883 0.6794475000000014
3.0059999999999882 0.6793364000000011
3.006999999999988 0.6792251000000015
3.007999999999988 0.6791136000000011
3.008999999999988 0.6790019000000015
3.009999999999988 0.6788900000000011
3.0109999999999877 0.6787779000000015
3.0119999999999876 0.6786656000000011
3.0129999999999875 0.6785531000000016
3.0139999999999874 0.6784404000000012
3.0149999999999872 0.6783275000000016
3.015999999999987 0.6782144000000012
3.016999999999987 0.6781011000000017
3.017999999999987 0.6779876000000012
3.018999999999987 0.6778739000000017
3.0199999999999867 0.6777600000000013
3.0209999999999866 0.6776459000000017
3.0219999999999865 0.6775316000000012
3.0229999999999864 0.6774171000000018
3.0239999999999863 0.6773024000000013
3.024999999999986 0.6771875000000017
3.025999999999986 0.6770724000000014
3.026999999999986 0.6769571000000018
3.027999999999986 0.6768416000000014
3.0289999999999857 0.6767259000000018
3.0299999999999856 0.6766100000000014
3.0309999999999855 0.6764939000000019
3.0319999999999854 0.6763776000000015
3.0329999999999853 0.6762611000000018
3.033999999999985 0.6761444000000014
3.034999999999985 0.6760275000000019
3.035999999999985 0.6759104000000015
3.036999999999985 0.6757931000000019
3.0379999999999847 0.6756756000000015
3.0389999999999846 0.6755579000000019
3.0399999999999845 0.6754400000000016
3.0409999999999844 0.675321900000002
3.0419999999999843 0.6752036000000016
3.042999999999984 0.675085100000002
3.043999999999984 0.6749664000000016
3.044999999999984 0.674847500000002
3.045999999999984 0.6747284000000017
3.0469999999999837 0.6746091000000021
3.0479999999999836 0.6744896000000017
3.0489999999999835 0.6743699000000022
3.0499999999999834 0.6742500000000017
3.0509999999999833 0.6741299000000022
3.051999999999983 0.6740096000000018
3.052999999999983 0.6738891000000022
3.053999999999983 0.6737684000000018
3.054999999999983 0.6736475000000023
3.0559999999999827 0.6735264000000017
3.0569999999999826 0.6734051000000023
3.0579999999999825 0.6732836000000019
3.0589999999999824 0.6731619000000023
3.0599999999999823 0.6730400000000019
3.060999999999982 0.6729179000000023
3.061999999999982 0.6727956000000019
3.062999999999982 0.6726731000000024
3.063999999999982 0.672550400000002
3.0649999999999817 0.6724275000000024
3.0659999999999816 0.672304400000002
3.0669999999999815 0.6721811000000024
3.0679999999999814 0.672057600000002
3.0689999999999813 0.6719339000000025
3.069999999999981 0.671810000000002
3.070999999999981 0.6716859000000025
3.071999999999981 0.6715616000000021
3.072999999999981 0.6714371000000026
3.0739999999999807 0.6713124000000021
3.0749999999999806 0.6711875000000026
3.0759999999999805 0.6710624000000022
3.0769999999999804 0.6709371000000026
3.0779999999999803 0.6708116000000022
3.07899999999998 0.6706859000000026
3.07999999999998 0.6705600000000023
3.08099999999998 0.6704339000000027
3.08199999999998 0.6703076000000022
3.0829999999999798 0.6701811000000027
3.0839999999999796 0.6700544000000023
3.0849999999999795 0.6699275000000028
3.0859999999999794 0.6698004000000023
3.0869999999999793 0.6696731000000028
3.087999999999979 0.6695456000000024
3.088999999999979 0.6694179000000028
3.089999999999979 0.6692900000000024
3.090999999999979 0.6691619000000029
3.0919999999999788 0.6690336000000024
3.0929999999999787 0.6689051000000029
3.0939999999999785 0.6687764000000025
3.0949999999999784 0.668647500000003
3.0959999999999783 0.6685184000000025
3.096999999999978 0.668389100000003
3.097999999999978 0.6682596000000025
3.098999999999978 0.668129900000003
3.099999999999978 0.6680000000000026
3.1009999999999778 0.667869900000003
3.1019999999999777 0.6677396000000027
3.1029999999999776 0.6676091000000031
3.1039999999999774 0.6674784000000027
3.1049999999999773 0.6673475000000031
3.1059999999999772 0.6672164000000027
3.106999999999977 0.6670851000000032
3.107999999999977 0.6669536000000027
3.108999999999977 0.6668219000000032
3.109999999999977 0.6666900000000028
3.1109999999999767 0.6665579000000033
3.1119999999999766 0.6664256000000028
3.1129999999999765 0.6662931000000033
3.1139999999999763 0.6661604000000029
3.1149999999999762 0.6660275000000033
3.115999999999976 0.6658944000000029
3.116999999999976 0.6657611000000033
3.117999999999976 0.6656276000000029
3.118999999999976 0.6654939000000034
3.1199999999999757 0.665360000000003
3.1209999999999756 0.6652259000000035
3.1219999999999755 0.665091600000003
3.1229999999999754 0.6649571000000035
3.1239999999999752 0.664822400000003
3.124999999999975 0.6646875000000035
3.125999999999975 0.664552400000003
3.126999999999975 0.6644171000000035
3.127999999999975 0.6642816000000031
3.1289999999999747 0.6641459000000036
3.1299999999999746 0.6640100000000032
3.1309999999999745 0.6638739000000037
3.1319999999999744 0.6637376000000031
3.1329999999999742 0.6636011000000037
3.133999999999974 0.6634644000000033
3.134999999999974 0.6633275000000037
3.135999999999974 0.6631904000000033
3.136999999999974 0.6630531000000037
3.1379999999999737 0.6629156000000033
3.1389999999999736 0.6627779000000038
3.1399999999999735 0.6626400000000033
3.1409999999999734 0.6625019000000039
3.1419999999999733 0.6623636000000034
3.142999999999973 0.6622251000000039
3.143999999999973 0.6620864000000034
3.144999999999973 0.6619475000000039
3.145999999999973 0.6618084000000035
3.1469999999999727 0.661669100000004
3.1479999999999726 0.6615296000000035
3.1489999999999725 0.661389900000004
3.1499999999999724 0.6612500000000036
3.1509999999999723 0.661109900000004
3.151999999999972 0.6609696000000036
3.152999999999972 0.660829100000004
3.153999999999972 0.6606884000000036
3.154999999999972 0.6605475000000042
3.1559999999999717 0.6604064000000037
3.1569999999999716 0.6602651000000042
3.1579999999999715 0.6601236000000037
3.1589999999999714 0.6599819000000042
3.1599999999999713 0.6598400000000038
3.160999999999971 0.6596979000000043
3.161999999999971 0.6595556000000038
3.162999999999971 0.6594131000000043
3.163999999999971 0.6592704000000038
3.1649999999999707 0.6591275000000043
3.1659999999999706 0.6589844000000039
3.1669999999999705 0.6588411000000044
3.1679999999999704 0.658697600000004
3.1689999999999703 0.6585539000000045
3.16999999999997 0.6584100000000039
3.17099999999997 0.6582659000000045
3.17199999999997 0.6581216000000041
3.17299999999997 0.6579771000000045
3.1739999999999697 0.6578324000000041
3.1749999999999696 0.6576875000000045
3.1759999999999695 0.6575424000000041
3.1769999999999694 0.6573971000000046
3.1779999999999693 0.6572516000000042
3.178999999999969 0.6571059000000047
3.179999999999969 0.6569600000000042
3.180999999999969 0.6568139000000047
3.181999999999969 0.6566676000000042
3.1829999999999687 0.6565211000000047
3.1839999999999686 0.6563744000000042
3.1849999999999685 0.6562275000000048
3.1859999999999684 0.6560804000000043
3.1869999999999683 0.6559331000000048
3.187999999999968 0.6557856000000044
3.188999999999968 0.6556379000000049
3.189999999999968 0.6554900000000045
3.190999999999968 0.6553419000000049
3.1919999999999678 0.6551936000000045
3.1929999999999676 0.6550451000000049
3.1939999999999675 0.6548964000000045
3.1949999999999674 0.654747500000005
3.1959999999999673 0.6545984000000046
3.196999999999967 0.6544491000000051
3.197999999999967 0.6542996000000046
3.198999999999967 0.6541499000000052
3.199999999999967 0.6540000000000047
3.2009999999999668 0.6538499000000052
3.2019999999999667 0.6536996000000047
3.2029999999999665 0.6535491000000052
3.2039999999999664 0.6533984000000047
3.2049999999999663 0.6532475000000053
3.205999999999966 0.6530964000000048
3.206999999999966 0.6529451000000053
3.207999999999966 0.6527936000000049
3.208999999999966 0.6526419000000053
3.2099999999999658 0.6524900000000049
3.2109999999999657 0.6523379000000054
3.2119999999999655 0.6521856000000049
3.2129999999999654 0.6520331000000055
3.2139999999999653 0.651880400000005
3.214999999999965 0.6517275000000055
3.215999999999965 0.651574400000005
3.216999999999965 0.6514211000000055
3.217999999999965 0.651267600000005
3.218999999999965 0.6511139000000056
3.2199999999999647 0.6509600000000051
3.2209999999999646 0.6508059000000056
3.2219999999999644 0.6506516000000052
3.2229999999999643 0.6504971000000057
3.2239999999999642 0.6503424000000052
3.224999999999964 0.6501875000000057
3.225999999999964 0.6500324000000053
3.226999999999964 0.6498771000000058
3.227999999999964 0.6497216000000053
3.2289999999999637 0.6495659000000058
3.2299999999999636 0.6494100000000054
3.2309999999999635 0.6492539000000059
3.2319999999999633 0.6490976000000054
3.2329999999999632 0.6489411000000059
3.233999999999963 0.6487844000000055
3.234999999999963 0.648627500000006
3.235999999999963 0.6484704000000056
3.236999999999963 0.6483131000000061
3.2379999999999627 0.6481556000000056
3.2389999999999626 0.6479979000000061
3.2399999999999625 0.6478400000000056
3.2409999999999624 0.6476819000000061
3.2419999999999622 0.6475236000000056
3.242999999999962 0.6473651000000061
3.243999999999962 0.6472064000000057
3.244999999999962 0.6470475000000062
3.245999999999962 0.6468884000000058
3.2469999999999617 0.6467291000000063
3.2479999999999616 0.6465696000000059
3.2489999999999615 0.6464099000000063
3.2499999999999614 0.6462500000000059
3.2509999999999613 0.6460899000000064
3.251999999999961 0.6459296000000059
3.252999999999961 0.6457691000000064
3.253999999999961 0.645608400000006
3.254999999999961 0.6454475000000065
3.2559999999999607 0.645286400000006
3.2569999999999606 0.6451251000000066
3.2579999999999605 0.6449636000000061
3.2589999999999604 0.6448019000000066
3.2599999999999603 0.6446400000000061
3.26099999999996 0.6444779000000066
3.26199999999996 0.6443156000000062
3.26299999999996 0.6441531000000067
3.26399999999996 0.6439904000000062
3.2649999999999597 0.6438275000000068
3.2659999999999596 0.6436644000000062
3.2669999999999595 0.6435011000000068
3.2679999999999594 0.6433376000000063
3.2689999999999593 0.6431739000000068
3.269999999999959 0.6430100000000064
3.270999999999959 0.6428459000000069
3.271999999999959 0.6426816000000064
3.272999999999959 0.642517100000007
3.2739999999999587 0.6423524000000065
3.2749999999999586 0.642187500000007
3.2759999999999585 0.6420224000000065
3.2769999999999584 0.6418571000000071
3.2779999999999583 0.6416916000000066
3.278999999999958 0.6415259000000071
3.279999999999958 0.6413600000000066
3.280999999999958 0.6411939000000072
3.281999999999958 0.6410276000000067
3.2829999999999577 0.6408611000000073
3.2839999999999576 0.6406944000000068
3.2849999999999575 0.6405275000000072
3.2859999999999574 0.6403604000000067
3.2869999999999573 0.6401931000000074
3.287999999999957 0.6400256000000069
3.288999999999957 0.6398579000000073
3.289999999999957 0.639690000000007
3.290999999999957 0.6395219000000074
3.2919999999999567 0.6393536000000068
3.2929999999999566 0.6391851000000075
3.2939999999999565 0.6390164000000069
3.2949999999999564 0.6388475000000076
3.2959999999999563 0.638678400000007
3.296999999999956 0.6385091000000076
3.297999999999956 0.6383396000000072
3.298999999999956 0.6381699000000076
3.299999999999956 0.6380000000000072
3.3009999999999557 0.6378299000000076
3.3019999999999556 0.6376596000000072
3.3029999999999555 0.6374891000000078
3.3039999999999554 0.6373184000000074
3.3049999999999553 0.6371475000000077
3.305999999999955 0.6369764000000073
3.306999999999955 0.6368051000000079
3.307999999999955 0.6366336000000075
3.308999999999955 0.636461900000008
3.3099999999999548 0.6362900000000073
3.3109999999999546 0.6361179000000079
3.3119999999999545 0.6359456000000074
3.3129999999999544 0.635773100000008
3.3139999999999543 0.6356004000000075
3.314999999999954 0.635427500000008
3.315999999999954 0.6352544000000075
3.316999999999954 0.6350811000000081
3.317999999999954 0.6349076000000078
3.3189999999999538 0.6347339000000083
3.3199999999999537 0.6345600000000078
3.3209999999999535 0.6343859000000083
3.3219999999999534 0.6342116000000078
3.3229999999999533 0.6340371000000082
3.323999999999953 0.6338624000000079
3.324999999999953 0.6336875000000084
3.325999999999953 0.6335124000000079
3.326999999999953 0.6333371000000085
3.3279999999999528 0.633161600000008
3.3289999999999527 0.6329859000000084
3.3299999999999526 0.6328100000000081
3.3309999999999524 0.6326339000000085
3.3319999999999523 0.6324576000000082
3.3329999999999522 0.6322811000000086
3.333999999999952 0.6321044000000082
3.334999999999952 0.6319275000000086
3.335999999999952 0.6317504000000083
3.336999999999952 0.6315731000000087
3.3379999999999517 0.6313956000000083
3.3389999999999516 0.6312179000000089
3.3399999999999515 0.6310400000000083
3.3409999999999513 0.6308619000000089
3.3419999999999512 0.6306836000000084
3.342999999999951 0.6305051000000088
3.343999999999951 0.6303264000000084
3.344999999999951 0.630147500000009
3.345999999999951 0.6299684000000085
3.3469999999999507 0.6297891000000091
3.3479999999999506 0.6296096000000087
3.3489999999999505 0.6294299000000092
3.3499999999999504 0.6292500000000085
3.3509999999999502 0.6290699000000091
3.35199999999995 0.6288896000000086
3.35299999999995 0.6287091000000091
3.35399999999995 0.6285284000000086
3.35499999999995 0.6283475000000094
3.3559999999999497 0.6281664000000087
3.3569999999999496 0.6279851000000094
3.3579999999999495 0.6278036000000089
3.3589999999999494 0.6276219000000094
3.3599999999999492 0.6274400000000089
3.360999999999949 0.6272579000000094
3.361999999999949 0.6270756000000091
3.362999999999949 0.6268931000000095
3.363999999999949 0.626710400000009
3.3649999999999487 0.6265275000000097
3.3659999999999486 0.6263444000000091
3.3669999999999485 0.6261611000000096
3.3679999999999484 0.6259776000000092
3.3689999999999483 0.6257939000000097
3.369999999999948 0.6256100000000091
3.370999999999948 0.6254259000000097
3.371999999999948 0.6252416000000092
3.372999999999948 0.6250571000000098
3.3739999999999477 0.6248724000000094
3.3749999999999476 0.6246875000000098
3.3759999999999475 0.6245024000000094
3.3769999999999474 0.6243171000000098
3.3779999999999473 0.6241316000000094
3.378999999999947 0.62394590000001
3.379999999999947 0.6237600000000094
3.380999999999947 0.62357390000001
3.381999999999947 0.6233876000000096
3.3829999999999467 0.6232011000000102
3.3839999999999466 0.6230144000000097
3.3849999999999465 0.6228275000000103
3.3859999999999464 0.6226404000000096
3.3869999999999463 0.6224531000000102
3.387999999999946 0.6222656000000097
3.388999999999946 0.6220779000000103
3.389999999999946 0.6218900000000098
3.390999999999946 0.6217019000000104
3.3919999999999457 0.6215136000000099
3.3929999999999456 0.6213251000000104
3.3939999999999455 0.6211364000000099
3.3949999999999454 0.6209475000000104
3.3959999999999453 0.6207584000000099
3.396999999999945 0.6205691000000106
3.397999999999945 0.6203796000000101
3.398999999999945 0.6201899000000106
3.399999999999945 0.6200000000000101
3.4009999999999447 0.6198099000000108
3.4019999999999446 0.6196196000000103
3.4029999999999445 0.6194291000000107
3.4039999999999444 0.6192384000000102
3.4049999999999443 0.6190475000000109
3.405999999999944 0.6188564000000103
3.406999999999944 0.618665100000011
3.407999999999944 0.6184736000000104
3.408999999999944 0.618281900000011
3.4099999999999437 0.6180900000000105
3.4109999999999436 0.6178979000000111
3.4119999999999435 0.6177056000000105
3.4129999999999434 0.6175131000000111
3.4139999999999433 0.6173204000000105
3.414999999999943 0.6171275000000112
3.415999999999943 0.6169344000000108
3.416999999999943 0.6167411000000111
3.417999999999943 0.6165476000000107
3.4189999999999428 0.6163539000000113
3.4199999999999426 0.6161600000000107
3.4209999999999425 0.6159659000000113
3.4219999999999424 0.6157716000000109
3.4229999999999423 0.6155771000000114
3.423999999999942 0.615382400000011
3.424999999999942 0.6151875000000115
3.425999999999942 0.6149924000000109
3.426999999999942 0.6147971000000116
3.4279999999999418 0.614601600000011
3.4289999999999417 0.6144059000000117
3.4299999999999415 0.614210000000011
3.4309999999999414 0.6140139000000118
3.4319999999999413 0.6138176000000113
3.432999999999941 0.6136211000000118
3.433999999999941 0.6134244000000113
3.434999999999941 0.6132275000000118
3.435999999999941 0.6130304000000113
3.4369999999999408 0.6128331000000118
3.4379999999999407 0.6126356000000113
3.4389999999999405 0.612437900000012
3.4399999999999404 0.6122400000000114
3.4409999999999403 0.6120419000000121
3.44199999999994 0.6118436000000116
3.44299999999994 0.611645100000012
3.44399999999994 0.6114464000000115
3.44499999999994 0.6112475000000122
3.4459999999999398 0.6110484000000116
3.4469999999999397 0.6108491000000122
3.4479999999999396 0.6106496000000117
3.4489999999999394 0.6104499000000123
3.4499999999999393 0.6102500000000117
3.4509999999999392 0.6100499000000124
3.451999999999939 0.6098496000000118
3.452999999999939 0.6096491000000124
3.453999999999939 0.609448400000012
3.454999999999939 0.6092475000000126
3.4559999999999387 0.609046400000012
3.4569999999999386 0.6088451000000126
3.4579999999999385 0.6086436000000122
3.4589999999999383 0.6084419000000127
3.4599999999999382 0.6082400000000121
3.460999999999938 0.6080379000000127
3.461999999999938 0.6078356000000122
3.462999999999938 0.6076331000000128
3.463999999999938 0.6074304000000124
3.4649999999999377 0.6072275000000129
3.4659999999999376 0.6070244000000122
3.4669999999999375 0.606821100000013
3.4679999999999374 0.6066176000000123
3.4689999999999372 0.606413900000013
3.469999999999937 0.6062100000000126
3.470999999999937 0.6060059000000131
3.471999999999937 0.6058016000000126
3.472999999999937 0.6055971000000131
3.4739999999999367 0.6053924000000126
3.4749999999999366 0.6051875000000131
3.4759999999999365 0.6049824000000126
3.4769999999999364 0.6047771000000133
3.4779999999999363 0.6045716000000128
3.478999999999936 0.6043659000000134
3.479999999999936 0.6041600000000129
3.480999999999936 0.6039539000000134
3.481999999999936 0.6037476000000128
3.4829999999999357 0.6035411000000135
3.4839999999999356 0.6033344000000129
3.4849999999999355 0.6031275000000136
3.4859999999999354 0.602920400000013
3.4869999999999353 0.6027131000000137
3.487999999999935 0.6025056000000131
3.488999999999935 0.6022979000000137
3.489999999999935 0.6020900000000131
3.490999999999935 0.6018819000000137
3.4919999999999347 0.6016736000000134
3.4929999999999346 0.6014651000000137
3.4939999999999345 0.6012564000000133
3.4949999999999344 0.601047500000014
3.4959999999999343 0.6008384000000133
3.496999999999934 0.6006291000000139
3.497999999999934 0.6004196000000135
3.498999999999934 0.6002099000000141
3.499999999999934 0.6000000000000136
3.5009999999999337 0.5997899000000142
3.5019999999999336 0.5995796000000135
3.5029999999999335 0.5993691000000143
3.5039999999999334 0.5991584000000136
3.5049999999999333 0.5989475000000142
3.505999999999933 0.5987364000000137
3.506999999999933 0.5985251000000142
3.507999999999933 0.5983136000000138
3.508999999999933 0.5981019000000145
3.5099999999999327 0.5978900000000138
3.5109999999999326 0.5976779000000145
3.5119999999999325 0.597465600000014
3.5129999999999324 0.5972531000000145
3.5139999999999323 0.597040400000014
3.514999999999932 0.5968275000000147
3.515999999999932 0.5966144000000142
3.516999999999932 0.5964011000000147
3.517999999999932 0.5961876000000141
3.5189999999999317 0.5959739000000148
3.5199999999999316 0.5957600000000143
3.5209999999999315 0.595545900000015
3.5219999999999314 0.5953316000000144
3.5229999999999313 0.595117100000015
3.523999999999931 0.5949024000000145
3.524999999999931 0.5946875000000149
3.525999999999931 0.594472400000015
3.526999999999931 0.5942571000000152
3.5279999999999307 0.594041600000015
3.5289999999999306 0.5938259000000152
3.5299999999999305 0.5936100000000153
3.5309999999999304 0.5933939000000152
3.5319999999999303 0.5931776000000153
3.53299999999993 0.5929611000000152
3.53399999999993 0.5927444000000153
3.53499999999993 0.5925275000000154
3.53599999999993 0.5923104000000154
3.5369999999999298 0.5920931000000156
3.5379999999999296 0.5918756000000156
3.5389999999999295 0.5916579000000155
3.5399999999999294 0.5914400000000155
3.5409999999999293 0.5912219000000156
3.541999999999929 0.5910036000000156
3.542999999999929 0.5907851000000157
3.543999999999929 0.5905664000000157
3.544999999999929 0.5903475000000158
3.5459999999999288 0.5901284000000158
3.5469999999999287 0.5899091000000158
3.5479999999999285 0.5896896000000158
3.5489999999999284 0.5894699000000159
3.5499999999999283 0.589250000000016
3.550999999999928 0.5890299000000161
3.551999999999928 0.588809600000016
3.552999999999928 0.5885891000000161
3.553999999999928 0.5883684000000162
3.5549999999999278 0.5881475000000163
3.5559999999999277 0.5879264000000162
3.5569999999999276 0.5877051000000162
3.5579999999999274 0.5874836000000163
3.5589999999999273 0.5872619000000163
3.5599999999999272 0.5870400000000164
3.560999999999927 0.5868179000000164
3.561999999999927 0.5865956000000165
3.562999999999927 0.5863731000000165
3.563999999999927 0.5861504000000166
3.5649999999999267 0.5859275000000166
3.5659999999999266 0.5857044000000167
3.5669999999999265 0.5854811000000166
3.5679999999999263 0.5852576000000167
3.5689999999999262 0.5850339000000166
3.569999999999926 0.5848100000000167
3.570999999999926 0.5845859000000169
3.571999999999926 0.5843616000000169
3.572999999999926 0.5841371000000168
3.5739999999999257 0.5839124000000169
3.5749999999999256 0.583687500000017
3.5759999999999255 0.583462400000017
3.5769999999999254 0.5832371000000169
3.5779999999999252 0.5830116000000172
3.578999999999925 0.5827859000000171
3.579999999999925 0.5825600000000171
3.580999999999925 0.5823339000000172
3.581999999999925 0.5821076000000172
3.5829999999999247 0.5818811000000172
3.5839999999999246 0.5816544000000172
3.5849999999999245 0.5814275000000173
3.5859999999999244 0.5812004000000175
3.5869999999999242 0.5809731000000173
3.587999999999924 0.5807456000000175
3.588999999999924 0.5805179000000176
3.589999999999924 0.5802900000000175
3.590999999999924 0.5800619000000176
3.5919999999999237 0.5798336000000177
3.5929999999999236 0.5796051000000177
3.5939999999999235 0.5793764000000177
3.5949999999999234 0.5791475000000177
3.5959999999999233 0.5789184000000178
3.596999999999923 0.5786891000000178
3.597999999999923 0.578459600000018
3.598999999999923 0.578229900000018
3.599999999999923 0.578000000000018
3.6009999999999227 0.577769900000018
3.6019999999999226 0.5775396000000181
3.6029999999999225 0.5773091000000181
3.6039999999999224 0.5770784000000182
3.6049999999999223 0.5768475000000182
3.605999999999922 0.5766164000000182
3.606999999999922 0.5763851000000182
3.607999999999922 0.5761536000000183
3.608999999999922 0.5759219000000184
3.6099999999999217 0.5756900000000185
3.6109999999999216 0.5754579000000184
3.6119999999999215 0.5752256000000184
3.6129999999999214 0.5749931000000186
3.6139999999999213 0.5747604000000186
3.614999999999921 0.5745275000000185
3.615999999999921 0.5742944000000185
3.616999999999921 0.5740611000000186
3.617999999999921 0.5738276000000186
3.6189999999999207 0.5735939000000188
3.6199999999999206 0.5733600000000187
3.6209999999999205 0.5731259000000188
3.6219999999999204 0.5728916000000188
3.6229999999999203 0.5726571000000189
3.62399999999992 0.5724224000000189
3.62499999999992 0.572187500000019
3.62599999999992 0.5719524000000191
3.62699999999992 0.5717171000000192
3.6279999999999197 0.5714816000000191
3.6289999999999196 0.5712459000000192
3.6299999999999195 0.5710100000000191
3.6309999999999194 0.5707739000000192
3.6319999999999193 0.5705376000000193
3.632999999999919 0.5703011000000193
3.633999999999919 0.5700644000000195
3.634999999999919 0.5698275000000195
3.635999999999919 0.5695904000000194
3.6369999999999187 0.5693531000000196
3.6379999999999186 0.5691156000000195
3.6389999999999185 0.5688779000000195
3.6399999999999184 0.5686400000000196
3.6409999999999183 0.5684019000000198
3.641999999999918 0.5681636000000196
3.642999999999918 0.5679251000000198
3.643999999999918 0.5676864000000199
3.644999999999918 0.5674475000000199
3.6459999999999178 0.5672084000000199
3.6469999999999176 0.5669691000000199
3.6479999999999175 0.5667296000000199
3.6489999999999174 0.5664899000000201
3.6499999999999173 0.5662500000000201
3.650999999999917 0.56600990000002
3.651999999999917 0.5657696000000201
3.652999999999917 0.5655291000000202
3.653999999999917 0.5652884000000202
3.6549999999999168 0.5650475000000204
3.6559999999999166 0.5648064000000204
3.6569999999999165 0.5645651000000205
3.6579999999999164 0.5643236000000205
3.6589999999999163 0.5640819000000203
3.659999999999916 0.5638400000000205
3.660999999999916 0.5635979000000206
3.661999999999916 0.5633556000000206
3.662999999999916 0.5631131000000207
3.6639999999999158 0.5628704000000206
3.6649999999999157 0.5626275000000207
3.6659999999999155 0.5623844000000207
3.6669999999999154 0.5621411000000207
3.6679999999999153 0.5618976000000209
3.668999999999915 0.5616539000000209
3.669999999999915 0.5614100000000208
3.670999999999915 0.5611659000000209
3.671999999999915 0.560921600000021
3.6729999999999148 0.560677100000021
3.6739999999999147 0.5604324000000211
3.6749999999999146 0.5601875000000212
3.6759999999999144 0.5599424000000213
3.6769999999999143 0.5596971000000213
3.6779999999999142 0.5594516000000214
3.678999999999914 0.5592059000000213
3.679999999999914 0.5589600000000214
3.680999999999914 0.5587139000000214
3.681999999999914 0.5584676000000215
3.6829999999999137 0.5582211000000215
3.6839999999999136 0.5579744000000215
3.6849999999999135 0.5577275000000217
3.6859999999999133 0.5574804000000215
3.6869999999999132 0.5572331000000217
3.687999999999913 0.5569856000000217
3.688999999999913 0.5567379000000219
3.689999999999913 0.5564900000000219
3.690999999999913 0.5562419000000218
3.6919999999999127 0.5559936000000218
3.6929999999999126 0.555745100000022
3.6939999999999125 0.555496400000022
3.6949999999999124 0.5552475000000221
3.6959999999999122 0.5549984000000221
3.696999999999912 0.5547491000000222
3.697999999999912 0.5544996000000222
3.698999999999912 0.5542499000000223
3.699999999999912 0.5540000000000223
3.7009999999999117 0.5537499000000223
3.7019999999999116 0.5534996000000223
3.7029999999999115 0.5532491000000224
3.7039999999999114 0.5529984000000225
3.7049999999999113 0.5527475000000226
3.705999999999911 0.5524964000000225
3.706999999999911 0.5522451000000226
3.707999999999911 0.5519936000000227
3.708999999999911 0.5517419000000228
3.7099999999999107 0.5514900000000227
3.7109999999999106 0.5512379000000227
3.7119999999999105 0.5509856000000228
3.7129999999999104 0.5507331000000228
3.7139999999999103 0.550480400000023
3.71499999999991 0.550227500000023
3.71599999999991 0.5499744000000231
3.71699999999991 0.549721100000023
3.71799999999991 0.5494676000000231
3.7189999999999097 0.5492139000000231
3.7199999999999096 0.5489600000000232
3.7209999999999095 0.5487059000000232
3.7219999999999094 0.5484516000000232
3.7229999999999093 0.5481971000000234
3.723999999999909 0.5479424000000233
3.724999999999909 0.5476875000000234
3.725999999999909 0.5474324000000235
3.726999999999909 0.5471771000000234
3.7279999999999087 0.5469216000000237
3.7289999999999086 0.5466659000000236
3.7299999999999085 0.5464100000000236
3.7309999999999084 0.5461539000000237
3.7319999999999083 0.5458976000000237
3.732999999999908 0.5456411000000239
3.733999999999908 0.5453844000000239
3.734999999999908 0.545127500000024
3.735999999999908 0.544870400000024
3.7369999999999077 0.544613100000024
3.7379999999999076 0.544355600000024
3.7389999999999075 0.5440979000000241
3.7399999999999074 0.5438400000000241
3.7409999999999073 0.5435819000000242
3.741999999999907 0.5433236000000241
3.742999999999907 0.5430651000000242
3.743999999999907 0.5428064000000243
3.744999999999907 0.5425475000000244
3.7459999999999067 0.5422884000000243
3.7469999999999066 0.5420291000000244
3.7479999999999065 0.5417696000000245
3.7489999999999064 0.5415099000000245
3.7499999999999063 0.5412500000000247
3.750999999999906 0.5409899000000247
3.751999999999906 0.5407296000000246
3.752999999999906 0.5404691000000248
3.753999999999906 0.5402084000000247
3.7549999999999057 0.5399475000000249
3.7559999999999056 0.5396864000000248
3.7569999999999055 0.539425100000025
3.7579999999999054 0.5391636000000251
3.7589999999999053 0.538901900000025
3.759999999999905 0.5386400000000251
3.760999999999905 0.5383779000000251
3.761999999999905 0.5381156000000251
3.762999999999905 0.5378531000000253
3.7639999999999048 0.5375904000000253
3.7649999999999046 0.5373275000000253
3.7659999999999045 0.5370644000000253
3.7669999999999044 0.5368011000000255
3.7679999999999043 0.5365376000000255
3.768999999999904 0.5362739000000254
3.769999999999904 0.5360100000000256
3.770999999999904 0.5357459000000255
3.771999999999904 0.5354816000000255
3.7729999999999038 0.5352171000000256
3.7739999999999037 0.5349524000000256
3.7749999999999035 0.5346875000000257
3.7759999999999034 0.5344224000000257
3.7769999999999033 0.5341571000000258
3.777999999999903 0.533891600000026
3.778999999999903 0.5336259000000261
3.779999999999903 0.533360000000026
3.780999999999903 0.5330939000000261
3.7819999999999028 0.532827600000026
3.7829999999999027 0.5325611000000261
3.7839999999999026 0.5322944000000263
3.7849999999999024 0.5320275000000263
3.7859999999999023 0.5317604000000262
3.7869999999999022 0.5314931000000265
3.787999999999902 0.5312256000000264
3.788999999999902 0.5309579000000264
3.789999999999902 0.5306900000000265
3.790999999999902 0.5304219000000265
3.7919999999999017 0.5301536000000266
3.7929999999999016 0.5298851000000266
3.7939999999999015 0.5296164000000267
3.7949999999999013 0.5293475000000267
3.7959999999999012 0.5290784000000268
3.796999999999901 0.5288091000000268
3.797999999999901 0.5285396000000269
3.798999999999901 0.528269900000027
3.799999999999901 0.5280000000000271
3.8009999999999007 0.5277299000000271
3.8019999999999006 0.5274596000000271
3.8029999999999005 0.5271891000000271
3.8039999999999003 0.5269184000000271
3.8049999999999002 0.5266475000000272
3.8059999999999 0.5263764000000273
3.8069999999999 0.5261051000000274
3.8079999999999 0.5258336000000274
3.8089999999999 0.5255619000000276
3.8099999999998997 0.5252900000000276
3.8109999999998996 0.5250179000000275
3.8119999999998995 0.5247456000000277
3.8129999999998994 0.5244731000000276
3.8139999999998992 0.5242004000000278
3.814999999999899 0.5239275000000279
3.815999999999899 0.5236544000000278
3.816999999999899 0.5233811000000279
3.817999999999899 0.5231076000000279
3.8189999999998987 0.5228339000000279
3.8199999999998986 0.5225600000000281
3.8209999999998985 0.5222859000000282
3.8219999999998984 0.5220116000000281
3.8229999999998983 0.5217371000000282
3.823999999999898 0.5214624000000283
3.824999999999898 0.5211875000000283
3.825999999999898 0.5209124000000283
3.826999999999898 0.5206371000000283
3.8279999999998977 0.5203616000000284
3.8289999999998976 0.5200859000000284
3.8299999999998975 0.5198100000000285
3.8309999999998974 0.5195339000000285
3.8319999999998973 0.5192576000000286
3.832999999999897 0.5189811000000286
3.833999999999897 0.5187044000000287
3.834999999999897 0.5184275000000287
3.835999999999897 0.5181504000000288
3.8369999999998967 0.517873100000029
3.8379999999998966 0.517595600000029
3.8389999999998965 0.517317900000029
3.8399999999998964 0.517040000000029
3.8409999999998963 0.516761900000029
3.841999999999896 0.5164836000000292
3.842999999999896 0.5162051000000292
3.843999999999896 0.5159264000000292
3.844999999999896 0.5156475000000293
3.8459999999998957 0.5153684000000294
3.8469999999998956 0.5150891000000295
3.8479999999998955 0.5148096000000295
3.8489999999998954 0.5145299000000294
3.8499999999998953 0.5142500000000296
3.850999999999895 0.5139699000000295
3.851999999999895 0.5136896000000297
3.852999999999895 0.5134091000000296
3.853999999999895 0.5131284000000298
3.8549999999998947 0.5128475000000299
3.8559999999998946 0.5125664000000298
3.8569999999998945 0.5122851000000299
3.8579999999998944 0.5120036000000299
3.8589999999998943 0.5117219000000299
3.859999999999894 0.5114400000000301
3.860999999999894 0.5111579000000301
3.861999999999894 0.5108756000000301
3.862999999999894 0.5105931000000303
3.8639999999998937 0.5103104000000303
3.8649999999998936 0.5100275000000303
3.8659999999998935 0.5097444000000304
3.8669999999998934 0.5094611000000304
3.8679999999998933 0.5091776000000305
3.868999999999893 0.5088939000000305
3.869999999999893 0.5086100000000306
3.870999999999893 0.5083259000000306
3.871999999999893 0.5080416000000307
3.8729999999998928 0.5077571000000307
3.8739999999998926 0.5074724000000308
3.8749999999998925 0.5071875000000308
3.8759999999998924 0.5069024000000308
3.8769999999998923 0.506617100000031
3.877999999999892 0.5063316000000311
3.878999999999892 0.506045900000031
3.879999999999892 0.5057600000000311
3.880999999999892 0.5054739000000312
3.8819999999998918 0.5051876000000313
3.8829999999998916 0.5049011000000312
3.8839999999998915 0.5046144000000314
3.8849999999998914 0.5043275000000313
3.8859999999998913 0.5040404000000314
3.886999999999891 0.5037531000000315
3.887999999999891 0.5034656000000315
3.888999999999891 0.5031779000000316
3.889999999999891 0.5028900000000316
3.8909999999998908 0.5026019000000317
3.8919999999998907 0.5023136000000317
3.8929999999998905 0.5020251000000318
3.8939999999998904 0.501736400000032
3.8949999999998903 0.501447500000032
3.89599999999989 0.501158400000032
3.89699999999989 0.500869100000032
3.89799999999989 0.500579600000032
3.89899999999989 0.500289900000032
3.8999999999998898 0.5000000000000322
3.9009999999998897 0.49970990000003224
3.9019999999998896 0.4994196000000324
3.9029999999998894 0.4991291000000324
3.9039999999998893 0.4988384000000323
3.9049999999998892 0.49854750000003256
3.905999999999889 0.49825640000003246
3.906999999999889 0.49796510000003247
3.907999999999889 0.4976736000000326
3.908999999999889 0.4973819000000328
3.9099999999998887 0.4970900000000327
3.9109999999998886 0.4967979000000329
3.9119999999998885 0.49650560000003274
3.9129999999998883 0.49621310000003294
3.9139999999998882 0.495920400000033
3.914999999999888 0.49562750000003297
3.915999999999888 0.49533440000003304
3.916999999999888 0.4950411000000332
3.917999999999888 0.49474760000003326
3.9189999999998877 0.4944539000000332
3.9199999999998876 0.49416000000003324
3.9209999999998875 0.4938659000000334
3.9219999999998874 0.4935716000000334
3.9229999999998872 0.49327710000003355
3.923999999999887 0.49298240000003357
3.924999999999887 0.4926875000000335
3.925999999999887 0.4923924000000337
3.926999999999887 0.4920971000000336
3.9279999999998867 0.4918016000000338
3.9289999999998866 0.4915059000000337
3.9299999999998865 0.4912100000000339
3.9309999999998864 0.490913900000034
3.9319999999998863 0.49061760000003396
3.932999999999886 0.49032110000003404
3.933999999999886 0.490024400000034
3.934999999999886 0.48972750000003407
3.935999999999886 0.48943040000003424
3.9369999999998857 0.4891331000000343
3.9379999999998856 0.48883560000003423
3.9389999999998855 0.4885379000000343
3.9399999999998854 0.4882400000000344
3.9409999999998853 0.48794190000003446
3.941999999999885 0.4876436000000346
3.942999999999885 0.4873451000000346
3.943999999999885 0.4870464000000345
3.944999999999885 0.48674750000003475
3.9459999999998847 0.48644840000003464
3.9469999999998846 0.48614910000003486
3.9479999999998845 0.48584960000003474
3.9489999999998844 0.48554990000003495
3.9499999999998843 0.48525000000003504
3.950999999999884 0.484949900000035
3.951999999999884 0.4846496000000351
3.952999999999884 0.48434910000003506
3.953999999999884 0.48404840000003513
3.9549999999998837 0.4837475000000353
3.9559999999998836 0.48344640000003536
3.9569999999998835 0.4831451000000353
3.9579999999998834 0.48284360000003534
3.9589999999998833 0.4825419000000355
3.959999999999883 0.48224000000003553
3.960999999999883 0.48193790000003567
3.961999999999883 0.4816356000000357
3.962999999999883 0.4813331000000356
3.9639999999998827 0.48103040000003583
3.9649999999998826 0.4807275000000357
3.9659999999998825 0.48042440000003594
3.9669999999998824 0.4801211000000358
3.9679999999998823 0.47981760000003604
3.968999999999882 0.47951390000003613
3.969999999999882 0.4792100000000361
3.970999999999882 0.4789059000000362
3.971999999999882 0.47860160000003615
3.9729999999998817 0.4782971000000362
3.9739999999998816 0.4779924000000364
3.9749999999998815 0.47768750000003646
3.9759999999998814 0.4773824000000364
3.9769999999998813 0.47707710000003645
3.977999999999881 0.4767716000000366
3.978999999999881 0.47646590000003664
3.979999999999881 0.47616000000003655
3.980999999999881 0.4758539000000368
3.9819999999998807 0.4755476000000367
3.9829999999998806 0.47524110000003694
3.9839999999998805 0.47493440000003684
3.9849999999998804 0.47462750000003706
3.9859999999998803 0.47432040000003695
3.98699999999988 0.47401310000003716
3.98799999999988 0.47370560000003703
3.98899999999988 0.47339790000003723
3.98999999999988 0.4730900000000373
3.9909999999998798 0.4727819000000373
3.9919999999998796 0.47247360000003735
3.9929999999998795 0.4721651000000373
3.9939999999998794 0.47185640000003737
3.9949999999998793 0.47154750000003753
3.995999999999879 0.4712384000000376
3.996999999999879 0.47092910000003774
3.997999999999879 0.4706196000000378
3.998999999999879 0.4703099000000377
3.9999999999998788 0.4700000000000377
