2.9 0.3100000000000003
2.901 0.3100900999999998
2.9019999999999997 0.31018040000000013
2.9029999999999996 0.3102708999999999
2.9039999999999995 0.31036160000000024
2.9049999999999994 0.3104524999999998
2.9059999999999993 0.31054360000000014
2.906999999999999 0.3106348999999997
2.907999999999999 0.3107264000000003
2.908999999999999 0.31081809999999965
2.909999999999999 0.31091000000000024
2.9109999999999987 0.31100209999999984
2.9119999999999986 0.3110944000000002
2.9129999999999985 0.3111868999999996
2.9139999999999984 0.3112796000000002
2.9149999999999983 0.3113724999999996
2.915999999999998 0.3114656
2.916999999999998 0.31155889999999964
2.917999999999998 0.31165240000000005
2.918999999999998 0.3117460999999997
2.9199999999999977 0.3118400000000001
2.9209999999999976 0.31193409999999955
2.9219999999999975 0.3120284
2.9229999999999974 0.31212289999999965
2.9239999999999973 0.3122176000000001
2.924999999999997 0.31231249999999955
2.925999999999997 0.3124076
2.926999999999997 0.3125028999999995
2.927999999999997 0.31259839999999994
2.9289999999999967 0.31269409999999964
2.9299999999999966 0.3127899999999999
2.9309999999999965 0.3128860999999996
2.9319999999999964 0.3129823999999999
2.9329999999999963 0.3130788999999994
2.933999999999996 0.3131755999999999
2.934999999999996 0.3132724999999994
2.935999999999996 0.3133695999999999
2.936999999999996 0.31346689999999944
2.9379999999999957 0.31356439999999997
2.9389999999999956 0.3136620999999995
2.9399999999999955 0.3137599999999998
2.9409999999999954 0.31385809999999936
2.9419999999999953 0.3139563999999999
2.942999999999995 0.31405489999999947
2.943999999999995 0.3141535999999998
2.944999999999995 0.3142524999999994
2.945999999999995 0.31435159999999973
2.9469999999999947 0.3144508999999993
2.9479999999999946 0.3145503999999997
2.9489999999999945 0.31465009999999927
2.9499999999999944 0.31474999999999964
2.9509999999999943 0.31485009999999924
2.951999999999994 0.31495039999999963
2.952999999999994 0.31505089999999925
2.953999999999994 0.31515159999999964
2.954999999999994 0.31525249999999927
2.9559999999999937 0.3153535999999997
2.9569999999999936 0.3154548999999991
2.9579999999999935 0.3155563999999995
2.9589999999999934 0.31565809999999916
2.9599999999999933 0.3157599999999996
2.960999999999993 0.31586209999999926
2.961999999999993 0.3159643999999995
2.962999999999993 0.31606689999999915
2.963999999999993 0.3161695999999996
2.9649999999999928 0.31627249999999907
2.9659999999999926 0.31637559999999953
2.9669999999999925 0.316478899999999
2.9679999999999924 0.3165823999999995
2.9689999999999923 0.31668609999999897
2.969999999999992 0.31678999999999946
2.970999999999992 0.31689409999999896
2.971999999999992 0.31699839999999946
2.972999999999992 0.31710289999999897
2.9739999999999918 0.3172075999999995
2.9749999999999917 0.317312499999999
2.9759999999999915 0.3174175999999993
2.9769999999999914 0.31752289999999883
2.9779999999999913 0.31762839999999937
2.978999999999991 0.3177340999999989
2.979999999999991 0.31783999999999923
2.980999999999991 0.3179460999999988
2.981999999999991 0.31805239999999935
2.9829999999999908 0.3181588999999989
2.9839999999999907 0.31826559999999926
2.9849999999999905 0.31837249999999884
2.9859999999999904 0.3184795999999992
2.9869999999999903 0.3185868999999988
2.98799999999999 0.31869439999999916
2.98899999999999 0.31880209999999876
2.98999999999999 0.31890999999999914
2.99099999999999 0.31901809999999875
2.99199999999999 0.31912639999999914
2.9929999999999897 0.31923489999999877
2.9939999999999896 0.3193435999999992
2.9949999999999894 0.3194524999999986
2.9959999999999893 0.3195615999999992
2.9969999999999892 0.31967089999999865
2.997999999999989 0.3197803999999991
2.998999999999989 0.31989009999999873
2.999999999999989 0.3199999999999992
3.000999999999989 0.3201100999999986
3.0019999999999887 0.3202203999999991
3.0029999999999886 0.32033089999999853
3.0039999999999885 0.320441599999999
3.0049999999999883 0.32055249999999846
3.0059999999999882 0.32066359999999894
3.006999999999988 0.3207748999999984
3.007999999999988 0.3208863999999989
3.008999999999988 0.3209980999999984
3.009999999999988 0.3211099999999989
3.0109999999999877 0.3212220999999984
3.0119999999999876 0.3213343999999989
3.0129999999999875 0.3214468999999984
3.0139999999999874 0.32155959999999895
3.0149999999999872 0.3216724999999985
3.015999999999987 0.3217855999999988
3.016999999999987 0.3218988999999983
3.017999999999987 0.32201239999999887
3.018999999999987 0.3221260999999984
3.0199999999999867 0.32223999999999875
3.0209999999999866 0.3223540999999983
3.0219999999999865 0.32246839999999866
3.0229999999999864 0.32258289999999823
3.0239999999999863 0.3226975999999988
3.024999999999986 0.32281249999999817
3.025999999999986 0.32292759999999876
3.026999999999986 0.32304289999999813
3.027999999999986 0.32315839999999874
3.0289999999999857 0.3232740999999981
3.0299999999999856 0.3233899999999985
3.0309999999999855 0.32350609999999813
3.0319999999999854 0.32362239999999853
3.0329999999999853 0.32373889999999816
3.033999999999985 0.3238555999999986
3.034999999999985 0.323972499999998
3.035999999999985 0.3240895999999984
3.036999999999985 0.3242068999999981
3.0379999999999847 0.3243243999999985
3.0389999999999846 0.32444209999999796
3.0399999999999845 0.3245599999999984
3.0409999999999844 0.3246780999999981
3.0419999999999843 0.3247963999999983
3.042999999999984 0.324914899999998
3.043999999999984 0.3250335999999985
3.044999999999984 0.32515249999999796
3.045999999999984 0.32527159999999844
3.0469999999999837 0.32539089999999793
3.0479999999999836 0.3255103999999984
3.0489999999999835 0.3256300999999979
3.0499999999999834 0.3257499999999982
3.0509999999999833 0.3258700999999977
3.051999999999983 0.32599039999999824
3.052999999999983 0.32611089999999776
3.053999999999983 0.3262315999999983
3.054999999999983 0.3263524999999978
3.0559999999999827 0.32647359999999814
3.0569999999999826 0.3265948999999977
3.0579999999999825 0.32671639999999824
3.0589999999999824 0.3268380999999978
3.0599999999999823 0.32695999999999814
3.060999999999982 0.3270820999999977
3.061999999999982 0.32720439999999806
3.062999999999982 0.32732689999999764
3.063999999999982 0.327449599999998
3.0649999999999817 0.3275724999999976
3.0659999999999816 0.327695599999998
3.0669999999999815 0.3278188999999976
3.0679999999999814 0.32794239999999797
3.0689999999999813 0.3280660999999976
3.069999999999981 0.328189999999998
3.070999999999981 0.3283140999999974
3.071999999999981 0.328438399999998
3.072999999999981 0.32856289999999744
3.0739999999999807 0.32868759999999786
3.0749999999999806 0.3288124999999975
3.0759999999999805 0.32893759999999794
3.0769999999999804 0.3290628999999974
3.0779999999999803 0.3291883999999978
3.07899999999998 0.3293140999999973
3.07999999999998 0.32943999999999773
3.08099999999998 0.3295660999999972
3.08199999999998 0.32969239999999767
3.0829999999999798 0.32981889999999736
3.0839999999999796 0.3299455999999976
3.0849999999999795 0.3300724999999973
3.0859999999999794 0.3301995999999976
3.0869999999999793 0.3303268999999971
3.087999999999979 0.3304543999999976
3.088999999999979 0.3305820999999971
3.089999999999979 0.3307099999999976
3.090999999999979 0.33083809999999714
3.0919999999999788 0.33096639999999766
3.0929999999999787 0.3310948999999972
3.0939999999999785 0.3312235999999975
3.0949999999999784 0.33135249999999705
3.0959999999999783 0.3314815999999976
3.096999999999978 0.33161089999999693
3.097999999999978 0.3317403999999975
3.098999999999978 0.33187009999999706
3.099999999999978 0.3319999999999974
3.1009999999999778 0.332130099999997
3.1019999999999777 0.33226039999999735
3.1029999999999776 0.33239089999999694
3.1039999999999774 0.3325215999999973
3.1049999999999773 0.3326524999999969
3.1059999999999772 0.3327835999999973
3.106999999999977 0.3329148999999969
3.107999999999977 0.3330463999999973
3.108999999999977 0.3331780999999967
3.109999999999977 0.33330999999999733
3.1109999999999767 0.33344209999999674
3.1119999999999766 0.33357439999999716
3.1129999999999765 0.3337068999999968
3.1139999999999763 0.33383959999999724
3.1149999999999762 0.3339724999999967
3.115999999999976 0.3341055999999971
3.116999999999976 0.33423889999999656
3.117999999999976 0.334372399999997
3.118999999999976 0.3345060999999967
3.1199999999999757 0.33463999999999694
3.1209999999999756 0.33477409999999663
3.1219999999999755 0.3349083999999971
3.1229999999999754 0.3350428999999966
3.1239999999999752 0.33517759999999686
3.124999999999975 0.33531249999999657
3.125999999999975 0.33544759999999685
3.126999999999975 0.33558289999999635
3.127999999999975 0.33571839999999686
3.1289999999999747 0.3358540999999964
3.1299999999999746 0.3359899999999969
3.1309999999999745 0.33612609999999643
3.1319999999999744 0.33626239999999674
3.1329999999999742 0.3363988999999963
3.133999999999974 0.3365355999999968
3.134999999999974 0.3366724999999964
3.135999999999974 0.3368095999999967
3.136999999999974 0.3369468999999963
3.1379999999999737 0.3370843999999966
3.1389999999999736 0.3372220999999962
3.1399999999999735 0.33735999999999655
3.1409999999999734 0.33749809999999614
3.1419999999999733 0.3376363999999965
3.142999999999973 0.3377748999999961
3.143999999999973 0.3379135999999965
3.144999999999973 0.3380524999999961
3.145999999999973 0.3381915999999965
3.1469999999999727 0.3383308999999961
3.1479999999999726 0.3384703999999965
3.1489999999999725 0.3386100999999959
3.1499999999999724 0.33874999999999633
3.1509999999999723 0.338890099999996
3.151999999999972 0.3390303999999964
3.152999999999972 0.33917089999999583
3.153999999999972 0.33931159999999627
3.154999999999972 0.33945249999999594
3.1559999999999717 0.3395935999999964
3.1569999999999716 0.33973489999999584
3.1579999999999715 0.3398763999999963
3.1589999999999714 0.34001809999999577
3.1599999999999713 0.34015999999999624
3.160999999999971 0.3403020999999957
3.161999999999971 0.3404443999999962
3.162999999999971 0.3405868999999957
3.163999999999971 0.3407295999999962
3.1649999999999707 0.3408724999999957
3.1659999999999706 0.3410155999999962
3.1669999999999705 0.3411588999999955
3.1679999999999704 0.341302399999996
3.1689999999999703 0.34144609999999553
3.16999999999997 0.34158999999999606
3.17099999999997 0.3417340999999956
3.17199999999997 0.3418783999999959
3.17299999999997 0.34202289999999547
3.1739999999999697 0.342167599999996
3.1749999999999696 0.34231249999999536
3.1759999999999695 0.3424575999999959
3.1769999999999694 0.34260289999999527
3.1779999999999693 0.34274839999999585
3.178999999999969 0.3428940999999954
3.179999999999969 0.3430399999999958
3.180999999999969 0.3431860999999954
3.181999999999969 0.34333239999999576
3.1829999999999687 0.34347889999999515
3.1839999999999686 0.34362559999999576
3.1849999999999685 0.34377249999999515
3.1859999999999684 0.34391959999999555
3.1869999999999683 0.3440668999999952
3.187999999999968 0.3442143999999956
3.188999999999968 0.344362099999995
3.189999999999968 0.34450999999999565
3.190999999999968 0.3446580999999951
3.1919999999999678 0.3448063999999955
3.1929999999999676 0.34495489999999496
3.1939999999999675 0.3451035999999954
3.1949999999999674 0.3452524999999951
3.1959999999999673 0.34540159999999553
3.196999999999967 0.345550899999995
3.197999999999967 0.34570039999999547
3.198999999999967 0.34585009999999494
3.199999999999967 0.3459999999999954
3.2009999999999668 0.3461500999999949
3.2019999999999667 0.3463003999999954
3.2029999999999665 0.3464508999999947
3.2039999999999664 0.3466015999999952
3.2049999999999663 0.3467524999999947
3.205999999999966 0.3469035999999952
3.206999999999966 0.3470548999999947
3.207999999999966 0.34720639999999525
3.208999999999966 0.34735809999999456
3.2099999999999658 0.3475099999999951
3.2109999999999657 0.34766209999999464
3.2119999999999655 0.34781439999999497
3.2129999999999654 0.34796689999999453
3.2139999999999653 0.3481195999999951
3.214999999999965 0.34827249999999443
3.215999999999965 0.348425599999995
3.216999999999965 0.34857889999999436
3.217999999999965 0.34873239999999495
3.218999999999965 0.3488860999999943
3.2199999999999647 0.3490399999999949
3.2209999999999646 0.3491940999999943
3.2219999999999644 0.3493483999999949
3.2229999999999643 0.3495028999999943
3.2239999999999642 0.3496575999999947
3.224999999999964 0.3498124999999943
3.225999999999964 0.3499675999999947
3.226999999999964 0.35012289999999413
3.227999999999964 0.35027839999999477
3.2289999999999637 0.3504340999999942
3.2299999999999636 0.35058999999999463
3.2309999999999635 0.35074609999999407
3.2319999999999633 0.3509023999999945
3.2329999999999632 0.35105889999999396
3.233999999999963 0.35121559999999463
3.234999999999963 0.3513724999999941
3.235999999999963 0.35152959999999456
3.236999999999963 0.35168689999999403
3.2379999999999627 0.3518443999999945
3.2389999999999626 0.352002099999994
3.2399999999999625 0.3521599999999945
3.2409999999999624 0.35231809999999397
3.2419999999999622 0.35247639999999425
3.242999999999962 0.35263489999999376
3.243999999999962 0.35279359999999427
3.244999999999962 0.3529524999999938
3.245999999999962 0.3531115999999943
3.2469999999999617 0.3532708999999936
3.2479999999999616 0.35343039999999415
3.2489999999999615 0.3535900999999937
3.2499999999999614 0.35374999999999424
3.2509999999999613 0.35391009999999357
3.251999999999961 0.3540703999999941
3.252999999999961 0.35423089999999346
3.253999999999961 0.35439159999999403
3.254999999999961 0.3545524999999936
3.2559999999999607 0.35471359999999397
3.2569999999999606 0.35487489999999355
3.2579999999999605 0.3550363999999939
3.2589999999999604 0.3551980999999933
3.2599999999999603 0.3553599999999939
3.26099999999996 0.3555220999999933
3.26199999999996 0.3556843999999939
3.26299999999996 0.3558468999999933
3.26399999999996 0.3560095999999937
3.2649999999999597 0.35617249999999334
3.2659999999999596 0.35633559999999376
3.2669999999999595 0.3564988999999932
3.2679999999999594 0.3566623999999936
3.2689999999999593 0.35682609999999304
3.269999999999959 0.3569899999999937
3.270999999999959 0.35715409999999315
3.271999999999959 0.3573183999999936
3.272999999999959 0.35748289999999305
3.2739999999999587 0.3576475999999935
3.2749999999999586 0.357812499999993
3.2759999999999585 0.35797759999999346
3.2769999999999584 0.35814289999999294
3.2779999999999583 0.3583083999999934
3.278999999999958 0.3584740999999929
3.279999999999958 0.3586399999999934
3.280999999999958 0.3588060999999929
3.281999999999958 0.3589723999999934
3.2829999999999577 0.3591388999999927
3.2839999999999576 0.35930559999999323
3.2849999999999575 0.35947249999999276
3.2859999999999574 0.3596395999999933
3.2869999999999573 0.3598068999999926
3.287999999999957 0.35997439999999314
3.288999999999957 0.3601420999999927
3.289999999999957 0.360309999999993
3.290999999999957 0.3604780999999926
3.2919999999999567 0.36064639999999315
3.2929999999999566 0.3608148999999925
3.2939999999999565 0.3609835999999931
3.2949999999999564 0.36115249999999244
3.2959999999999563 0.361321599999993
3.296999999999956 0.3614908999999924
3.297999999999956 0.3616603999999928
3.298999999999956 0.3618300999999924
3.299999999999956 0.36199999999999277
3.3009999999999557 0.3621700999999924
3.3019999999999556 0.3623403999999928
3.3029999999999555 0.3625108999999922
3.3039999999999554 0.3626815999999926
3.3049999999999553 0.36285249999999225
3.305999999999955 0.3630235999999927
3.306999999999955 0.3631948999999921
3.307999999999955 0.36336639999999254
3.308999999999955 0.363538099999992
3.3099999999999548 0.36370999999999265
3.3109999999999546 0.3638820999999921
3.3119999999999545 0.36405439999999256
3.3129999999999544 0.364226899999992
3.3139999999999543 0.3643995999999925
3.314999999999954 0.364572499999992
3.315999999999954 0.36474559999999245
3.316999999999954 0.36491889999999194
3.317999999999954 0.3650923999999922
3.3189999999999538 0.3652660999999917
3.3199999999999537 0.3654399999999922
3.3209999999999535 0.3656140999999917
3.3219999999999534 0.36578839999999224
3.3229999999999533 0.36596289999999176
3.323999999999953 0.36613759999999207
3.324999999999953 0.3663124999999916
3.325999999999953 0.36648759999999214
3.326999999999953 0.36666289999999147
3.3279999999999528 0.366838399999992
3.3289999999999527 0.36701409999999157
3.3299999999999526 0.3671899999999919
3.3309999999999524 0.3673660999999915
3.3319999999999523 0.36754239999999183
3.3329999999999522 0.3677188999999914
3.333999999999952 0.3678955999999918
3.334999999999952 0.36807249999999136
3.335999999999952 0.36824959999999174
3.336999999999952 0.36842689999999134
3.3379999999999517 0.3686043999999917
3.3389999999999516 0.3687820999999911
3.3399999999999515 0.36895999999999174
3.3409999999999513 0.36913809999999114
3.3419999999999512 0.36931639999999155
3.342999999999951 0.3694948999999912
3.343999999999951 0.3696735999999916
3.344999999999951 0.36985249999999104
3.345999999999951 0.37003159999999147
3.3469999999999507 0.3702108999999909
3.3479999999999506 0.37039039999999135
3.3489999999999505 0.3705700999999908
3.3499999999999504 0.3707499999999915
3.3509999999999502 0.37093009999999094
3.35199999999995 0.3711103999999914
3.35299999999995 0.3712908999999909
3.35399999999995 0.37147159999999135
3.35499999999995 0.3716524999999906
3.3559999999999497 0.3718335999999913
3.3569999999999496 0.3720148999999906
3.3579999999999495 0.3721963999999911
3.3589999999999494 0.3723780999999906
3.3599999999999492 0.3725599999999911
3.360999999999949 0.37274209999999064
3.361999999999949 0.37292439999999094
3.362999999999949 0.37310689999999047
3.363999999999949 0.373289599999991
3.3649999999999487 0.3734724999999903
3.3659999999999486 0.3736555999999909
3.3669999999999485 0.3738388999999904
3.3679999999999484 0.37402239999999076
3.3689999999999483 0.3742060999999903
3.369999999999948 0.3743899999999909
3.370999999999948 0.37457409999999025
3.371999999999948 0.37475839999999083
3.372999999999948 0.3749428999999902
3.3739999999999477 0.37512759999999057
3.3749999999999476 0.37531249999999017
3.3759999999999475 0.37549759999999055
3.3769999999999474 0.37568289999999016
3.3779999999999473 0.37586839999999055
3.378999999999947 0.37605409999998995
3.379999999999947 0.3762399999999906
3.380999999999947 0.37642609999999
3.381999999999947 0.3766123999999904
3.3829999999999467 0.37679889999998983
3.3839999999999466 0.37698559999999026
3.3849999999999465 0.3771724999999897
3.3859999999999464 0.37735959999999036
3.3869999999999463 0.3775468999999898
3.387999999999946 0.37773439999999026
3.388999999999946 0.3779220999999897
3.389999999999946 0.3781099999999902
3.390999999999946 0.37829809999998965
3.3919999999999457 0.3784863999999901
3.3929999999999456 0.3786748999999896
3.3939999999999455 0.3788635999999901
3.3949999999999454 0.3790524999999896
3.3959999999999453 0.3792415999999901
3.396999999999945 0.37943089999998936
3.397999999999945 0.37962039999998987
3.398999999999945 0.3798100999999894
3.399999999999945 0.3799999999999899
3.4009999999999447 0.3801900999999892
3.4019999999999446 0.38038039999998974
3.4029999999999445 0.3805708999999893
3.4039999999999444 0.3807615999999898
3.4049999999999443 0.38095249999998915
3.405999999999944 0.3811435999999897
3.406999999999944 0.38133489999998904
3.407999999999944 0.3815263999999896
3.408999999999944 0.38171809999998896
3.4099999999999437 0.38190999999998954
3.4109999999999436 0.3821020999999889
3.4119999999999435 0.3822943999999895
3.4129999999999434 0.38248689999998886
3.4139999999999433 0.38267959999998946
3.414999999999943 0.38287249999998885
3.415999999999943 0.38306559999998924
3.416999999999943 0.38325889999998886
3.417999999999943 0.38345239999998926
3.4189999999999428 0.38364609999998867
3.4199999999999426 0.3838399999999893
3.4209999999999425 0.3840340999999887
3.4219999999999424 0.38422839999998915
3.4229999999999423 0.3844228999999886
3.423999999999942 0.384617599999989
3.424999999999942 0.38481249999998846
3.425999999999942 0.3850075999999891
3.426999999999942 0.38520289999998836
3.4279999999999418 0.38539839999998904
3.4289999999999417 0.3855940999999883
3.4299999999999415 0.385789999999989
3.4309999999999414 0.38598609999998823
3.4319999999999413 0.3861823999999887
3.432999999999941 0.3863788999999882
3.433999999999941 0.3865755999999887
3.434999999999941 0.3867724999999882
3.435999999999941 0.3869695999999887
3.4369999999999408 0.3871668999999882
3.4379999999999407 0.38736439999998873
3.4389999999999405 0.38756209999998803
3.4399999999999404 0.38775999999998856
3.4409999999999403 0.38795809999998787
3.44199999999994 0.3881563999999884
3.44299999999994 0.38835489999998796
3.44399999999994 0.3885535999999885
3.44499999999994 0.38875249999998784
3.4459999999999398 0.3889515999999884
3.4469999999999397 0.38915089999998775
3.4479999999999396 0.38935039999998833
3.4489999999999394 0.3895500999999877
3.4499999999999393 0.3897499999999883
3.4509999999999392 0.38995009999998764
3.451999999999939 0.39015039999998824
3.452999999999939 0.3903508999999876
3.453999999999939 0.390551599999988
3.454999999999939 0.3907524999999874
3.4559999999999387 0.390953599999988
3.4569999999999386 0.3911548999999874
3.4579999999999385 0.39135639999998784
3.4589999999999383 0.39155809999998725
3.4599999999999382 0.3917599999999879
3.460999999999938 0.3919620999999873
3.461999999999938 0.39216439999998776
3.462999999999938 0.3923668999999872
3.463999999999938 0.39256959999998764
3.4649999999999377 0.3927724999999871
3.4659999999999376 0.39297559999998777
3.4669999999999375 0.393178899999987
3.4679999999999374 0.3933823999999877
3.4689999999999372 0.39358609999998695
3.469999999999937 0.39378999999998743
3.470999999999937 0.3939940999999869
3.471999999999937 0.3941983999999874
3.472999999999937 0.3944028999999869
3.4739999999999367 0.3946075999999874
3.4749999999999366 0.3948124999999869
3.4759999999999365 0.3950175999999874
3.4769999999999364 0.3952228999999867
3.4779999999999363 0.39542839999998725
3.478999999999936 0.39563409999998655
3.479999999999936 0.3958399999999871
3.480999999999936 0.39604609999998663
3.481999999999936 0.3962523999999872
3.4829999999999357 0.3964588999999865
3.4839999999999356 0.3966655999999871
3.4849999999999355 0.3968724999999864
3.4859999999999354 0.397079599999987
3.4869999999999353 0.39728689999998634
3.487999999999935 0.3974943999999869
3.488999999999935 0.3977020999999863
3.489999999999935 0.3979099999999869
3.490999999999935 0.39811809999998626
3.4919999999999347 0.39832639999998665
3.4929999999999346 0.39853489999998626
3.4939999999999345 0.39874359999998665
3.4949999999999344 0.39895249999998605
3.4959999999999343 0.3991615999999867
3.496999999999934 0.3993708999999861
3.497999999999934 0.3995803999999865
3.498999999999934 0.39979009999998594
3.499999999999934 0.39999999999998637
3.5009999999999337 0.4002100999999858
3.5019999999999336 0.40042039999998646
3.5029999999999335 0.4006308999999857
3.5039999999999334 0.40084159999998636
3.5049999999999333 0.4010524999999858
3.505999999999933 0.4012635999999863
3.506999999999933 0.40147489999998576
3.507999999999933 0.40168639999998623
3.508999999999933 0.4018980999999855
3.5099999999999327 0.4021099999999862
3.5109999999999326 0.40232209999998547
3.5119999999999325 0.40253439999998597
3.5129999999999324 0.4027468999999855
3.5139999999999323 0.402959599999986
3.514999999999932 0.4031724999999853
3.515999999999932 0.4033855999999858
3.516999999999932 0.4035988999999853
3.517999999999932 0.40381239999998586
3.5189999999999317 0.4040260999999852
3.5199999999999316 0.4042399999999857
3.5209999999999315 0.40445409999998505
3.5219999999999314 0.4046683999999856
3.5229999999999313 0.40488289999998495
3.523999999999931 0.4050975999999855
3.524999999999931 0.4053124999999851
3.525999999999931 0.405527599999985
3.526999999999931 0.4057428999999848
3.5279999999999307 0.40595839999998495
3.5289999999999306 0.4061740999999848
3.5299999999999305 0.4063899999999847
3.5309999999999304 0.40660609999998476
3.5319999999999303 0.4068223999999847
3.53299999999993 0.40703889999998477
3.53399999999993 0.40725559999998473
3.53499999999993 0.4074724999999846
3.53599999999993 0.40768959999998455
3.5369999999999298 0.4079068999999844
3.5379999999999296 0.4081243999999844
3.5389999999999295 0.4083420999999845
3.5399999999999294 0.4085599999999845
3.5409999999999293 0.4087780999999844
3.541999999999929 0.4089963999999844
3.542999999999929 0.4092148999999843
3.543999999999929 0.4094335999999843
3.544999999999929 0.4096524999999842
3.5459999999999288 0.40987159999998424
3.5469999999999287 0.41009089999998416
3.5479999999999285 0.4103103999999842
3.5489999999999284 0.41053009999998413
3.5499999999999283 0.41074999999998396
3.550999999999928 0.4109700999999839
3.551999999999928 0.41119039999998397
3.552999999999928 0.4114108999999839
3.553999999999928 0.4116315999999838
3.5549999999999278 0.41185249999998375
3.5559999999999277 0.41207359999998383
3.5569999999999276 0.4122948999999838
3.5579999999999274 0.4125163999999837
3.5589999999999273 0.4127380999999837
3.5599999999999272 0.41295999999998356
3.560999999999927 0.41318209999998357
3.561999999999927 0.41340439999998346
3.562999999999927 0.4136268999999835
3.563999999999927 0.4138495999999834
3.5649999999999267 0.4140724999999834
3.5659999999999266 0.41429559999998333
3.5669999999999265 0.41451889999998337
3.5679999999999263 0.4147423999999833
3.5689999999999262 0.41496609999998335
3.569999999999926 0.4151899999999833
3.570999999999926 0.41541409999998313
3.571999999999926 0.4156383999999831
3.572999999999926 0.41586289999998316
3.5739999999999257 0.4160875999999831
3.5749999999999256 0.416312499999983
3.5759999999999255 0.41653759999998297
3.5769999999999254 0.41676289999998306
3.5779999999999252 0.41698839999998283
3.578999999999925 0.41721409999998293
3.579999999999925 0.41743999999998294
3.580999999999925 0.41766609999998283
3.581999999999925 0.41789239999998284
3.5829999999999247 0.41811889999998275
3.5839999999999246 0.4183455999999828
3.5849999999999245 0.4185724999999827
3.5859999999999244 0.4187995999999825
3.5869999999999242 0.41902689999998266
3.587999999999924 0.4192543999999825
3.588999999999924 0.4194820999999824
3.589999999999924 0.4197099999999825
3.590999999999924 0.41993809999998244
3.5919999999999237 0.4201663999999823
3.5929999999999236 0.42039489999998225
3.5939999999999235 0.42062359999998233
3.5949999999999234 0.4208524999999823
3.5959999999999233 0.4210815999999822
3.596999999999923 0.42131089999998217
3.597999999999923 0.42154039999998205
3.598999999999923 0.42177009999998205
3.599999999999923 0.42199999999998195
3.6009999999999227 0.42223009999998196
3.6019999999999226 0.42246039999998186
3.6029999999999225 0.4226908999999819
3.6039999999999224 0.4229215999999818
3.6049999999999223 0.42315249999998183
3.605999999999922 0.42338359999998176
3.606999999999922 0.4236148999999818
3.607999999999922 0.42384639999998175
3.608999999999922 0.4240780999999816
3.6099999999999217 0.42430999999998154
3.6109999999999216 0.4245420999999816
3.6119999999999215 0.42477439999998157
3.6129999999999214 0.4250068999999814
3.6139999999999213 0.4252395999999814
3.614999999999921 0.4254724999999815
3.615999999999921 0.4257055999999815
3.616999999999921 0.42593889999998136
3.617999999999921 0.42617239999998136
3.6189999999999207 0.42640609999998125
3.6199999999999206 0.42663999999998126
3.6209999999999205 0.42687409999998116
3.6219999999999204 0.4271083999999812
3.6229999999999203 0.4273428999999811
3.62399999999992 0.42757759999998113
3.62499999999992 0.42781249999998106
3.62599999999992 0.4280475999999809
3.62699999999992 0.4282828999999808
3.6279999999999197 0.42851839999998087
3.6289999999999196 0.4287540999999808
3.6299999999999195 0.4289899999999809
3.6309999999999194 0.42922609999998085
3.6319999999999193 0.4294623999999807
3.632999999999919 0.4296988999999807
3.633999999999919 0.42993559999998054
3.634999999999919 0.43017249999998053
3.635999999999919 0.43040959999998063
3.6369999999999187 0.4306468999999804
3.6379999999999186 0.4308843999999805
3.6389999999999185 0.4311220999999805
3.6399999999999184 0.4313599999999804
3.6409999999999183 0.4315980999999802
3.641999999999918 0.43183639999998036
3.642999999999918 0.43207489999998017
3.643999999999918 0.4323135999999801
3.644999999999918 0.43255249999998013
3.6459999999999178 0.43279159999998007
3.6469999999999176 0.4330308999999801
3.6479999999999175 0.43327039999998007
3.6489999999999174 0.4335100999999799
3.6499999999999173 0.4337499999999799
3.650999999999917 0.43399009999997995
3.651999999999917 0.4342303999999799
3.652999999999917 0.4344708999999798
3.653999999999917 0.43471159999997977
3.6549999999999168 0.43495249999997965
3.6559999999999166 0.43519359999997964
3.6569999999999165 0.43543489999997953
3.6579999999999164 0.43567639999997954
3.6589999999999163 0.43591809999997966
3.659999999999916 0.43615999999997945
3.660999999999916 0.43640209999997936
3.661999999999916 0.4366443999999794
3.662999999999916 0.4368868999999793
3.6639999999999158 0.43712959999997936
3.6649999999999157 0.4373724999999793
3.6659999999999155 0.43761559999997934
3.6669999999999154 0.4378588999999793
3.6679999999999153 0.43810239999997913
3.668999999999915 0.4383460999999791
3.669999999999915 0.43858999999997916
3.670999999999915 0.43883409999997913
3.671999999999915 0.439078399999979
3.6729999999999148 0.439322899999979
3.6739999999999147 0.43956759999997885
3.6749999999999146 0.43981249999997885
3.6759999999999144 0.44005759999997873
3.6769999999999143 0.44030289999997874
3.6779999999999142 0.44054839999997863
3.678999999999914 0.44079409999997865
3.679999999999914 0.44103999999997856
3.680999999999914 0.4412860999999786
3.681999999999914 0.4415323999999785
3.6829999999999137 0.44177889999997855
3.6839999999999136 0.4420255999999785
3.6849999999999135 0.4422724999999783
3.6859999999999133 0.4425195999999785
3.6869999999999132 0.4427668999999783
3.687999999999913 0.44301439999997827
3.688999999999913 0.4432620999999781
3.689999999999913 0.4435099999999781
3.690999999999913 0.4437580999999782
3.6919999999999127 0.44400639999997815
3.6929999999999126 0.444254899999978
3.6939999999999125 0.444503599999978
3.6949999999999124 0.4447524999999779
3.6959999999999122 0.4450015999999779
3.696999999999912 0.4452508999999778
3.697999999999912 0.4455003999999778
3.698999999999912 0.4457500999999777
3.699999999999912 0.44599999999997775
3.7009999999999117 0.44625009999997767
3.7019999999999116 0.4465003999999777
3.7029999999999115 0.44675089999997764
3.7039999999999114 0.44700159999997746
3.7049999999999113 0.4472524999999774
3.705999999999911 0.44750359999997746
3.706999999999911 0.4477548999999774
3.707999999999911 0.44800639999997727
3.708999999999911 0.44825809999997723
3.7099999999999107 0.4485099999999773
3.7109999999999106 0.4487620999999773
3.7119999999999105 0.44901439999997717
3.7129999999999104 0.44926689999997715
3.7139999999999103 0.44951959999997704
3.71499999999991 0.44977249999997704
3.71599999999991 0.45002559999997693
3.71699999999991 0.45027889999997694
3.71799999999991 0.45053239999997685
3.7189999999999097 0.4507860999999769
3.7199999999999096 0.4510399999999768
3.7209999999999095 0.4512940999999768
3.7219999999999094 0.45154839999997676
3.7229999999999093 0.4518028999999766
3.723999999999909 0.45205759999997674
3.724999999999909 0.4523124999999766
3.725999999999909 0.45256759999997653
3.726999999999909 0.4528228999999766
3.7279999999999087 0.45307839999997634
3.7289999999999086 0.4533340999999764
3.7299999999999085 0.4535899999999764
3.7309999999999084 0.45384609999997627
3.7319999999999083 0.45410239999997626
3.732999999999908 0.45435889999997614
3.733999999999908 0.45461559999997614
3.734999999999908 0.45487249999997603
3.735999999999908 0.45512959999997604
3.7369999999999077 0.45538689999997595
3.7379999999999076 0.45564439999997597
3.7389999999999075 0.4559020999999759
3.7399999999999074 0.4561599999999759
3.7409999999999073 0.45641809999997585
3.741999999999907 0.4566763999999759
3.742999999999907 0.45693489999997583
3.743999999999907 0.45719359999997566
3.744999999999907 0.4574524999999756
3.7459999999999067 0.4577115999999757
3.7469999999999066 0.45797089999997564
3.7479999999999065 0.4582303999999755
3.7489999999999064 0.4584900999999755
3.7499999999999063 0.45874999999997534
3.750999999999906 0.45901009999997533
3.751999999999906 0.45927039999997543
3.752999999999906 0.4595308999999752
3.753999999999906 0.4597915999999753
3.7549999999999057 0.4600524999999751
3.7559999999999056 0.46031359999997523
3.7569999999999055 0.46057489999997503
3.7579999999999054 0.46083639999997494
3.7589999999999053 0.461098099999975
3.759999999999905 0.4613599999999749
3.760999999999905 0.46162209999997494
3.761999999999905 0.4618843999999749
3.762999999999905 0.4621468999999747
3.7639999999999048 0.46240959999997466
3.7649999999999046 0.46267249999997473
3.7659999999999045 0.4629355999999747
3.7669999999999044 0.46319889999997454
3.7679999999999043 0.4634623999999745
3.768999999999904 0.4637260999999746
3.769999999999904 0.46398999999997437
3.770999999999904 0.46425409999997447
3.771999999999904 0.46451839999997446
3.7729999999999038 0.46478289999997435
3.7739999999999037 0.46504759999997436
3.7749999999999035 0.46531249999997426
3.7759999999999034 0.4655775999999743
3.7769999999999033 0.4658428999999742
3.777999999999903 0.466108399999974
3.778999999999903 0.4663740999999739
3.779999999999903 0.46663999999997396
3.780999999999903 0.4669060999999739
3.7819999999999028 0.46717239999997395
3.7829999999999027 0.4674388999999739
3.7839999999999026 0.46770559999997374
3.7849999999999024 0.4679724999999737
3.7859999999999023 0.4682395999999738
3.7869999999999022 0.4685068999999735
3.787999999999902 0.4687743999999736
3.788999999999902 0.4690420999999736
3.789999999999902 0.46930999999997347
3.790999999999902 0.46957809999997346
3.7919999999999017 0.46984639999997335
3.7929999999999016 0.47011489999997336
3.7939999999999015 0.47038359999997326
3.7949999999999013 0.4706524999999733
3.7959999999999012 0.4709215999999732
3.796999999999901 0.4711908999999732
3.797999999999901 0.47146039999997313
3.798999999999901 0.47173009999997295
3.799999999999901 0.4719999999999729
3.8009999999999007 0.47227009999997294
3.8019999999999006 0.4725403999999729
3.8029999999999005 0.47281089999997294
3.8039999999999003 0.4730815999999729
3.8049999999999002 0.47335249999997275
3.8059999999999 0.4736235999999727
3.8069999999999 0.4738948999999726
3.8079999999999 0.47416639999997257
3.8089999999999 0.47443809999997244
3.8099999999998997 0.47470999999997243
3.8109999999998996 0.47498209999997254
3.8119999999998995 0.4752543999999723
3.8129999999998994 0.47552689999997244
3.8139999999998992 0.47579959999997223
3.814999999999899 0.47607249999997214
3.815999999999899 0.47634559999997217
3.816999999999899 0.4766188999999721
3.817999999999899 0.4768923999999721
3.8189999999998987 0.47716609999997206
3.8199999999998986 0.4774399999999719
3.8209999999998985 0.47771409999997183
3.8219999999998984 0.4779883999999719
3.8229999999998983 0.47826289999997185
3.823999999999898 0.4785375999999717
3.824999999999898 0.47881249999997166
3.825999999999898 0.47908759999997175
3.826999999999898 0.4793628999999717
3.8279999999998977 0.4796383999999716
3.8289999999998976 0.4799140999999716
3.8299999999998975 0.4801899999999715
3.8309999999998974 0.4804660999999715
3.8319999999998973 0.48074239999997137
3.832999999999897 0.4810188999999714
3.833999999999897 0.4812955999999713
3.834999999999897 0.4815724999999713
3.835999999999897 0.48184959999997123
3.8369999999998967 0.48212689999997105
3.8379999999998966 0.482404399999971
3.8389999999998965 0.482682099999971
3.8399999999998964 0.48295999999997097
3.8409999999998963 0.483238099999971
3.841999999999896 0.48351639999997076
3.842999999999896 0.48379489999997083
3.843999999999896 0.4840735999999708
3.844999999999896 0.48435249999997065
3.8459999999998957 0.48463159999997063
3.8469999999998956 0.4849108999999705
3.8479999999998955 0.4851903999999705
3.8489999999998954 0.4854700999999706
3.8499999999998953 0.48574999999997037
3.850999999999895 0.4860300999999705
3.851999999999895 0.4863103999999703
3.852999999999895 0.4865908999999704
3.853999999999895 0.4868715999999702
3.8549999999998947 0.4871524999999701
3.8559999999998946 0.48743359999997016
3.8569999999998945 0.4877148999999701
3.8579999999998944 0.48799639999997013
3.8589999999998943 0.48827809999997007
3.859999999999894 0.4885599999999699
3.860999999999894 0.48884209999996986
3.861999999999894 0.4891243999999699
3.862999999999894 0.48940689999996967
3.8639999999998937 0.48968959999996975
3.8649999999998936 0.4899724999999697
3.8659999999998935 0.4902555999999696
3.8669999999998934 0.4905388999999696
3.8679999999998933 0.49082239999996946
3.868999999999893 0.49110609999996946
3.869999999999893 0.49138999999996935
3.870999999999893 0.49167409999996936
3.871999999999893 0.49195839999996926
3.8729999999998928 0.4922428999999693
3.8739999999998926 0.4925275999999692
3.8749999999998925 0.49281249999996923
3.8759999999998924 0.49309759999996916
3.8769999999998923 0.493382899999969
3.877999999999892 0.4936683999999689
3.878999999999892 0.493954099999969
3.879999999999892 0.4942399999999689
3.880999999999892 0.49452609999996877
3.8819999999998918 0.49481239999996873
3.8829999999998916 0.4950988999999688
3.8839999999998915 0.49538559999996856
3.8849999999998914 0.49567249999996865
3.8859999999998913 0.49595959999996864
3.886999999999891 0.4962468999999685
3.887999999999891 0.4965343999999685
3.888999999999891 0.4968220999999684
3.889999999999891 0.4971099999999684
3.8909999999998908 0.4973980999999683
3.8919999999998907 0.49768639999996833
3.8929999999998905 0.49797489999996825
3.8939999999998904 0.49826359999996805
3.8949999999998903 0.498552499999968
3.89599999999989 0.498841599999968
3.89699999999989 0.49913089999996796
3.89799999999989 0.499420399999968
3.89899999999989 0.49971009999996796
3.8999999999998898 0.4999999999999678
3.9009999999998897 0.5002900999999678
3.9019999999998896 0.5005803999999676
3.9029999999998894 0.5008708999999676
3.9039999999998893 0.5011615999999677
3.9049999999998892 0.5014524999999674
3.905999999999889 0.5017435999999675
3.906999999999889 0.5020348999999675
3.907999999999889 0.5023263999999674
3.908999999999889 0.5026180999999672
3.9099999999998887 0.5029099999999673
3.9109999999998886 0.5032020999999671
3.9119999999998885 0.5034943999999673
3.9129999999998883 0.5037868999999671
3.9139999999998882 0.504079599999967
3.914999999999888 0.504372499999967
3.915999999999888 0.504665599999967
3.916999999999888 0.5049588999999668
3.917999999999888 0.5052523999999667
3.9189999999998877 0.5055460999999668
3.9199999999998876 0.5058399999999668
3.9209999999998875 0.5061340999999666
3.9219999999998874 0.5064283999999666
3.9229999999998872 0.5067228999999664
3.923999999999887 0.5070175999999664
3.924999999999887 0.5073124999999665
3.925999999999887 0.5076075999999663
3.926999999999887 0.5079028999999664
3.9279999999998867 0.5081983999999662
3.9289999999998866 0.5084940999999663
3.9299999999998865 0.5087899999999661
3.9309999999998864 0.509086099999966
3.9319999999998863 0.509382399999966
3.932999999999886 0.509678899999966
3.933999999999886 0.509975599999966
3.934999999999886 0.5102724999999659
3.935999999999886 0.5105695999999658
3.9369999999998857 0.5108668999999657
3.9379999999998856 0.5111643999999658
3.9389999999998855 0.5114620999999657
3.9399999999998854 0.5117599999999656
3.9409999999998853 0.5120580999999655
3.941999999999885 0.5123563999999654
3.942999999999885 0.5126548999999654
3.943999999999885 0.5129535999999655
3.944999999999885 0.5132524999999653
3.9459999999998847 0.5135515999999654
3.9469999999998846 0.5138508999999651
3.9479999999998845 0.5141503999999653
3.9489999999998844 0.514450099999965
3.9499999999998843 0.514749999999965
3.950999999999884 0.515050099999965
3.951999999999884 0.5153503999999649
3.952999999999884 0.5156508999999649
3.953999999999884 0.5159515999999649
3.9549999999998837 0.5162524999999647
3.9559999999998836 0.5165535999999646
3.9569999999998835 0.5168548999999647
3.9579999999998834 0.5171563999999647
3.9589999999998833 0.5174580999999645
3.959999999999883 0.5177599999999645
3.960999999999883 0.5180620999999643
3.961999999999883 0.5183643999999643
3.962999999999883 0.5186668999999644
3.9639999999998827 0.5189695999999642
3.9649999999998826 0.5192724999999643
3.9659999999998825 0.519575599999964
3.9669999999998824 0.5198788999999642
3.9679999999998823 0.520182399999964
3.968999999999882 0.5204860999999639
3.969999999999882 0.5207899999999639
3.970999999999882 0.5210940999999638
3.971999999999882 0.5213983999999638
3.9729999999998817 0.5217028999999638
3.9739999999998816 0.5220075999999636
3.9749999999998815 0.5223124999999635
3.9759999999998814 0.5226175999999636
3.9769999999998813 0.5229228999999636
3.977999999999881 0.5232283999999634
3.978999999999881 0.5235340999999634
3.979999999999881 0.5238399999999634
3.980999999999881 0.5241460999999632
3.9819999999998807 0.5244523999999633
3.9829999999998806 0.5247588999999631
3.9839999999998805 0.5250655999999632
3.9849999999998804 0.5253724999999629
3.9859999999998803 0.525679599999963
3.98699999999988 0.5259868999999628
3.98799999999988 0.526294399999963
3.98899999999988 0.5266020999999628
3.98999999999988 0.5269099999999627
3.9909999999998798 0.5272180999999627
3.9919999999998796 0.5275263999999626
3.9929999999998795 0.5278348999999627
3.9939999999998794 0.5281435999999626
3.9949999999998793 0.5284524999999625
3.995999999999879 0.5287615999999624
3.996999999999879 0.5290708999999623
3.997999999999879 0.5293803999999622
3.998999999999879 0.5296900999999623
3.9999999999998788 0.5299999999999623
