2.9 0.7
2.901 0.6996002000000001
2.9019999999999997 0.6992008000000001
2.9029999999999996 0.6988018000000003
2.9039999999999995 0.6984032000000002
2.9049999999999994 0.6980050000000004
2.9059999999999993 0.6976072000000004
2.906999999999999 0.6972098000000002
2.907999999999999 0.6968128000000002
2.908999999999999 0.6964162000000005
2.909999999999999 0.6960200000000005
2.9109999999999987 0.6956242000000004
2.9119999999999986 0.6952288000000004
2.9129999999999985 0.6948338000000007
2.9139999999999984 0.6944392000000008
2.9149999999999983 0.6940450000000007
2.915999999999998 0.6936512000000008
2.916999999999998 0.6932578000000007
2.917999999999998 0.6928648000000008
2.918999999999998 0.6924722000000008
2.9199999999999977 0.6920800000000009
2.9209999999999976 0.6916882000000009
2.9219999999999975 0.691296800000001
2.9229999999999974 0.690905800000001
2.9239999999999973 0.6905152000000012
2.924999999999997 0.6901250000000012
2.925999999999997 0.689735200000001
2.926999999999997 0.689345800000001
2.927999999999997 0.6889568000000013
2.9289999999999967 0.6885682000000013
2.9299999999999966 0.6881800000000011
2.9309999999999965 0.6877922000000012
2.9319999999999964 0.6874048000000015
2.9329999999999963 0.6870178000000016
2.933999999999996 0.6866312000000014
2.934999999999996 0.6862450000000015
2.935999999999996 0.6858592000000014
2.936999999999996 0.6854738000000016
2.9379999999999957 0.6850888000000015
2.9389999999999956 0.6847042000000017
2.9399999999999955 0.6843200000000016
2.9409999999999954 0.6839362000000018
2.9419999999999953 0.6835528000000017
2.942999999999995 0.6831698000000019
2.943999999999995 0.6827872000000019
2.944999999999995 0.6824050000000017
2.945999999999995 0.6820232000000017
2.9469999999999947 0.681641800000002
2.9479999999999946 0.681260800000002
2.9489999999999945 0.6808802000000018
2.9499999999999944 0.6805000000000023
2.9509999999999943 0.6801202000000022
2.951999999999994 0.6797408000000023
2.952999999999994 0.6793618000000021
2.953999999999994 0.6789832000000022
2.954999999999994 0.6786050000000021
2.9559999999999937 0.6782272000000023
2.9569999999999936 0.6778498000000022
2.9579999999999935 0.6774728000000023
2.9589999999999934 0.6770962000000023
2.9599999999999933 0.6767200000000024
2.960999999999993 0.6763442000000024
2.961999999999993 0.6759688000000026
2.962999999999993 0.6755938000000026
2.963999999999993 0.6752192000000028
2.9649999999999928 0.6748450000000024
2.9659999999999926 0.6744712000000026
2.9669999999999925 0.6740978000000026
2.9679999999999924 0.6737248000000029
2.9689999999999923 0.673352200000003
2.969999999999992 0.6729800000000028
2.970999999999992 0.6726082000000029
2.971999999999992 0.6722368000000027
2.972999999999992 0.6718658000000028
2.9739999999999918 0.6714952000000027
2.9749999999999917 0.6711250000000029
2.9759999999999915 0.6707552000000032
2.9769999999999914 0.6703858000000029
2.9779999999999913 0.6700168000000029
2.978999999999991 0.669648200000003
2.979999999999991 0.6692800000000034
2.980999999999991 0.6689122000000032
2.981999999999991 0.6685448000000032
2.9829999999999908 0.6681778000000034
2.9839999999999907 0.6678112000000034
2.9849999999999905 0.6674450000000036
2.9859999999999904 0.6670792000000036
2.9869999999999903 0.6667138000000035
2.98799999999999 0.6663488000000035
2.98899999999999 0.6659842000000034
2.98999999999999 0.6656200000000034
2.99099999999999 0.6652562000000037
2.99199999999999 0.6648928000000034
2.9929999999999897 0.6645298000000037
2.9939999999999896 0.6641672000000038
2.9949999999999894 0.6638050000000038
2.9959999999999893 0.6634432000000039
2.9969999999999892 0.6630818000000038
2.997999999999989 0.662720800000004
2.998999999999989 0.662360200000004
2.999999999999989 0.6620000000000037
3.000999999999989 0.6616402000000041
3.0019999999999887 0.6612808000000039
3.0029999999999886 0.6609218000000039
3.0039999999999885 0.6605632000000041
3.0049999999999883 0.6602050000000041
3.0059999999999882 0.6598472000000044
3.006999999999988 0.659489800000004
3.007999999999988 0.6591328000000043
3.008999999999988 0.6587762000000044
3.009999999999988 0.6584200000000042
3.0109999999999877 0.6580642000000043
3.0119999999999876 0.6577088000000042
3.0129999999999875 0.6573538000000043
3.0139999999999874 0.6569992000000042
3.0149999999999872 0.6566450000000044
3.015999999999987 0.6562912000000047
3.016999999999987 0.6559378000000045
3.017999999999987 0.6555848000000044
3.018999999999987 0.6552322000000046
3.0199999999999867 0.6548800000000046
3.0209999999999866 0.6545282000000048
3.0219999999999865 0.6541768000000048
3.0229999999999864 0.6538258000000046
3.0239999999999863 0.6534752000000046
3.024999999999986 0.6531250000000048
3.025999999999986 0.6527752000000049
3.026999999999986 0.6524258000000047
3.027999999999986 0.6520768000000048
3.0289999999999857 0.6517282000000046
3.0299999999999856 0.6513800000000052
3.0309999999999855 0.6510322000000051
3.0319999999999854 0.6506848000000052
3.0329999999999853 0.6503378000000051
3.033999999999985 0.6499912000000052
3.034999999999985 0.6496450000000051
3.035999999999985 0.6492992000000053
3.036999999999985 0.6489538000000052
3.0379999999999847 0.6486088000000054
3.0389999999999846 0.6482642000000054
3.0399999999999845 0.6479200000000052
3.0409999999999844 0.6475762000000052
3.0419999999999843 0.6472328000000054
3.042999999999984 0.6468898000000054
3.043999999999984 0.6465472000000052
3.044999999999984 0.6462050000000057
3.045999999999984 0.6458632000000055
3.0469999999999837 0.6455218000000056
3.0479999999999836 0.6451808000000054
3.0489999999999835 0.6448402000000055
3.0499999999999834 0.6445000000000054
3.0509999999999833 0.6441602000000055
3.051999999999983 0.6438208000000059
3.052999999999983 0.6434818000000055
3.053999999999983 0.6431432000000055
3.054999999999983 0.6428050000000056
3.0559999999999827 0.642467200000006
3.0569999999999826 0.6421298000000057
3.0579999999999825 0.6417928000000057
3.0589999999999824 0.6414562000000059
3.0599999999999823 0.6411200000000059
3.060999999999982 0.6407842000000061
3.061999999999982 0.6404488000000061
3.062999999999982 0.640113800000006
3.063999999999982 0.639779200000006
3.0649999999999817 0.6394450000000058
3.0659999999999816 0.6391112000000059
3.0669999999999815 0.6387778000000062
3.0679999999999814 0.6384448000000063
3.0689999999999813 0.6381122000000061
3.069999999999981 0.6377800000000062
3.070999999999981 0.6374482000000061
3.071999999999981 0.6371168000000063
3.072999999999981 0.6367858000000062
3.0739999999999807 0.6364552000000063
3.0749999999999806 0.6361250000000063
3.0759999999999805 0.6357952000000064
3.0769999999999804 0.6354658000000064
3.0779999999999803 0.6351368000000062
3.07899999999998 0.6348082000000066
3.07999999999998 0.6344800000000064
3.08099999999998 0.6341522000000064
3.08199999999998 0.6338248000000066
3.0829999999999798 0.6334978000000067
3.0839999999999796 0.6331712000000065
3.0849999999999795 0.6328450000000065
3.0859999999999794 0.6325192000000064
3.0869999999999793 0.6321938000000069
3.087999999999979 0.6318688000000068
3.088999999999979 0.6315442000000069
3.089999999999979 0.6312200000000068
3.090999999999979 0.6308962000000069
3.0919999999999788 0.6305728000000068
3.0929999999999787 0.630249800000007
3.0939999999999785 0.6299272000000069
3.0949999999999784 0.6296050000000071
3.0959999999999783 0.629283200000007
3.096999999999978 0.6289618000000068
3.097999999999978 0.6286408000000068
3.098999999999978 0.628320200000007
3.099999999999978 0.628000000000007
3.1009999999999778 0.6276802000000068
3.1019999999999777 0.6273608000000073
3.1029999999999776 0.6270418000000071
3.1039999999999774 0.6267232000000071
3.1049999999999773 0.626405000000007
3.1059999999999772 0.6260872000000071
3.106999999999977 0.6257698000000069
3.107999999999977 0.625452800000007
3.108999999999977 0.6251362000000074
3.109999999999977 0.624820000000007
3.1109999999999767 0.6245042000000074
3.1119999999999766 0.6241888000000071
3.1129999999999765 0.6238738000000075
3.1139999999999763 0.6235592000000072
3.1149999999999762 0.6232450000000072
3.115999999999976 0.6229312000000073
3.116999999999976 0.6226178000000073
3.117999999999976 0.6223048000000075
3.118999999999976 0.6219922000000075
3.1199999999999757 0.6216800000000078
3.1209999999999756 0.6213682000000074
3.1219999999999755 0.6210568000000076
3.1229999999999754 0.6207458000000077
3.1239999999999752 0.6204352000000075
3.124999999999975 0.6201250000000076
3.125999999999975 0.6198152000000079
3.126999999999975 0.6195058000000075
3.127999999999975 0.6191968000000079
3.1289999999999747 0.618888200000008
3.1299999999999746 0.6185800000000079
3.1309999999999745 0.618272200000008
3.1319999999999744 0.617964800000008
3.1329999999999742 0.6176578000000077
3.133999999999974 0.6173512000000081
3.134999999999974 0.6170450000000078
3.135999999999974 0.6167392000000078
3.136999999999974 0.616433800000008
3.1379999999999737 0.616128800000008
3.1389999999999736 0.6158242000000078
3.1399999999999735 0.6155200000000078
3.1409999999999734 0.6152162000000081
3.1419999999999733 0.6149128000000081
3.142999999999973 0.614609800000008
3.143999999999973 0.614307200000008
3.144999999999973 0.6140050000000079
3.145999999999973 0.613703200000008
3.1469999999999727 0.6134018000000083
3.1479999999999726 0.613100800000008
3.1489999999999725 0.6128002000000083
3.1499999999999724 0.612500000000008
3.1509999999999723 0.6122002000000084
3.151999999999972 0.6119008000000081
3.152999999999972 0.6116018000000081
3.153999999999972 0.6113032000000083
3.154999999999972 0.6110050000000082
3.1559999999999717 0.6107072000000084
3.1569999999999716 0.6104098000000084
3.1579999999999715 0.6101128000000082
3.1589999999999714 0.6098162000000082
3.1599999999999713 0.6095200000000085
3.160999999999971 0.6092242000000085
3.161999999999971 0.6089288000000084
3.162999999999971 0.6086338000000084
3.163999999999971 0.6083392000000087
3.1649999999999707 0.6080450000000084
3.1659999999999706 0.6077512000000087
3.1669999999999705 0.6074578000000088
3.1679999999999704 0.6071648000000087
3.1689999999999703 0.6068722000000089
3.16999999999997 0.6065800000000088
3.17099999999997 0.6062882000000085
3.17199999999997 0.6059968000000089
3.17299999999997 0.6057058000000086
3.1739999999999697 0.6054152000000086
3.1749999999999696 0.6051250000000088
3.1759999999999695 0.6048352000000088
3.1769999999999694 0.6045458000000086
3.1779999999999693 0.604256800000009
3.178999999999969 0.6039682000000088
3.179999999999969 0.6036800000000089
3.180999999999969 0.6033922000000087
3.181999999999969 0.6031048000000088
3.1829999999999687 0.6028178000000091
3.1839999999999686 0.6025312000000087
3.1849999999999685 0.602245000000009
3.1859999999999684 0.6019592000000091
3.1869999999999683 0.601673800000009
3.187999999999968 0.6013888000000092
3.188999999999968 0.6011042000000091
3.189999999999968 0.6008200000000088
3.190999999999968 0.6005362000000092
3.1919999999999678 0.6002528000000089
3.1929999999999676 0.5999698000000093
3.1939999999999675 0.5996872000000091
3.1949999999999674 0.5994050000000091
3.1959999999999673 0.5991232000000093
3.196999999999967 0.5988418000000093
3.197999999999967 0.5985608000000091
3.198999999999967 0.5982802000000091
3.199999999999967 0.5980000000000094
3.2009999999999668 0.5977202000000095
3.2019999999999667 0.5974408000000093
3.2029999999999665 0.5971618000000094
3.2039999999999664 0.5968832000000093
3.2049999999999663 0.5966050000000094
3.205999999999966 0.5963272000000093
3.206999999999966 0.5960498000000094
3.207999999999966 0.5957728000000093
3.208999999999966 0.5954962000000095
3.2099999999999658 0.5952200000000094
3.2109999999999657 0.5949442000000096
3.2119999999999655 0.5946688000000095
3.2129999999999654 0.5943938000000093
3.2139999999999653 0.5941192000000093
3.214999999999965 0.5938450000000095
3.215999999999965 0.5935712000000095
3.216999999999965 0.5932978000000093
3.217999999999965 0.5930248000000093
3.218999999999965 0.5927522000000096
3.2199999999999647 0.5924800000000097
3.2209999999999646 0.5922082000000095
3.2219999999999644 0.5919368000000096
3.2229999999999643 0.5916658000000095
3.2239999999999642 0.5913952000000096
3.224999999999964 0.5911250000000094
3.225999999999964 0.5908552000000096
3.226999999999964 0.5905858000000095
3.227999999999964 0.5903168000000096
3.2289999999999637 0.5900482000000096
3.2299999999999636 0.5897800000000097
3.2309999999999635 0.5895122000000097
3.2319999999999633 0.5892448000000099
3.2329999999999632 0.5889778000000099
3.233999999999963 0.5887112000000096
3.234999999999963 0.5884450000000097
3.235999999999963 0.5881792000000099
3.236999999999963 0.5879138000000099
3.2379999999999627 0.5876488000000097
3.2389999999999626 0.5873842000000098
3.2399999999999625 0.5871200000000096
3.2409999999999624 0.5868562000000097
3.2419999999999622 0.58659280000001
3.242999999999962 0.5863298000000097
3.243999999999962 0.58606720000001
3.244999999999962 0.5858050000000097
3.245999999999962 0.58554320000001
3.2469999999999617 0.5852818000000097
3.2479999999999616 0.5850208000000101
3.2489999999999615 0.5847602000000098
3.2499999999999614 0.5845000000000102
3.2509999999999613 0.58424020000001
3.251999999999961 0.58398080000001
3.252999999999961 0.5837218000000102
3.253999999999961 0.5834632000000102
3.254999999999961 0.58320500000001
3.2559999999999607 0.58294720000001
3.2569999999999606 0.5826898000000102
3.2579999999999605 0.5824328000000103
3.2589999999999604 0.5821762000000101
3.2599999999999603 0.5819200000000102
3.26099999999996 0.5816642000000101
3.26199999999996 0.5814088000000102
3.26299999999996 0.58115380000001
3.26399999999996 0.5808992000000102
3.2649999999999597 0.5806450000000101
3.2659999999999596 0.5803912000000102
3.2669999999999595 0.5801378000000101
3.2679999999999594 0.5798848000000103
3.2689999999999593 0.5796322000000103
3.269999999999959 0.5793800000000104
3.270999999999959 0.5791282000000104
3.271999999999959 0.5788768000000102
3.272999999999959 0.5786258000000102
3.2739999999999587 0.5783752000000104
3.2749999999999586 0.5781250000000104
3.2759999999999585 0.5778752000000102
3.2769999999999584 0.5776258000000103
3.2779999999999583 0.5773768000000106
3.278999999999958 0.5771282000000102
3.279999999999958 0.5768800000000105
3.280999999999958 0.5766322000000106
3.281999999999958 0.5763848000000105
3.2829999999999577 0.5761378000000106
3.2839999999999576 0.5758912000000105
3.2849999999999575 0.5756450000000106
3.2859999999999574 0.5753992000000105
3.2869999999999573 0.5751538000000103
3.287999999999957 0.5749088000000102
3.288999999999957 0.5746642000000104
3.289999999999957 0.5744200000000104
3.290999999999957 0.5741762000000106
3.2919999999999567 0.5739328000000106
3.2929999999999566 0.5736898000000104
3.2939999999999565 0.5734472000000104
3.2949999999999564 0.5732050000000106
3.2959999999999563 0.5729632000000107
3.296999999999956 0.5727218000000105
3.297999999999956 0.5724808000000106
3.298999999999956 0.5722402000000104
3.299999999999956 0.5720000000000105
3.3009999999999557 0.5717602000000104
3.3019999999999556 0.5715208000000105
3.3029999999999555 0.5712818000000104
3.3039999999999554 0.5710432000000105
3.3049999999999553 0.5708050000000104
3.305999999999955 0.5705672000000106
3.306999999999955 0.5703298000000105
3.307999999999955 0.5700928000000107
3.308999999999955 0.5698562000000107
3.3099999999999548 0.5696200000000105
3.3109999999999546 0.5693842000000109
3.3119999999999545 0.5691488000000107
3.3129999999999544 0.5689138000000107
3.3139999999999543 0.5686792000000105
3.314999999999954 0.5684450000000105
3.315999999999954 0.5682112000000108
3.316999999999954 0.5679778000000109
3.317999999999954 0.5677448000000107
3.3189999999999538 0.5675122000000108
3.3199999999999537 0.5672800000000107
3.3209999999999535 0.5670482000000108
3.3219999999999534 0.5668168000000107
3.3229999999999533 0.5665858000000108
3.323999999999953 0.5663552000000107
3.324999999999953 0.5661250000000109
3.325999999999953 0.5658952000000108
3.326999999999953 0.5656658000000105
3.3279999999999528 0.565436800000011
3.3289999999999527 0.5652082000000107
3.3299999999999526 0.5649800000000107
3.3309999999999524 0.5647522000000109
3.3319999999999523 0.5645248000000109
3.3329999999999522 0.5642978000000107
3.333999999999952 0.5640712000000108
3.334999999999952 0.5638450000000106
3.335999999999952 0.5636192000000106
3.336999999999952 0.5633938000000109
3.3379999999999517 0.5631688000000106
3.3389999999999516 0.5629442000000109
3.3399999999999515 0.562720000000011
3.3409999999999513 0.5624962000000109
3.3419999999999512 0.562272800000011
3.342999999999951 0.5620498000000109
3.343999999999951 0.5618272000000106
3.344999999999951 0.561605000000011
3.345999999999951 0.5613832000000107
3.3469999999999507 0.5611618000000107
3.3479999999999506 0.5609408000000109
3.3489999999999505 0.5607202000000109
3.3499999999999504 0.5605000000000111
3.3509999999999502 0.5602802000000111
3.35199999999995 0.5600608000000109
3.35299999999995 0.5598418000000109
3.35399999999995 0.5596232000000108
3.35499999999995 0.5594050000000108
3.3559999999999497 0.5591872000000111
3.3569999999999496 0.5589698000000107
3.3579999999999495 0.558752800000011
3.3589999999999494 0.5585362000000107
3.3599999999999492 0.558320000000011
3.360999999999949 0.5581042000000107
3.361999999999949 0.5578888000000111
3.362999999999949 0.5576738000000108
3.363999999999949 0.5574592000000111
3.3649999999999487 0.5572450000000109
3.3659999999999486 0.5570312000000108
3.3669999999999485 0.556817800000011
3.3679999999999484 0.556604800000011
3.3689999999999483 0.5563922000000108
3.369999999999948 0.5561800000000108
3.370999999999948 0.555968200000011
3.371999999999948 0.555756800000011
3.372999999999948 0.5555458000000109
3.3739999999999477 0.5553352000000109
3.3749999999999476 0.5551250000000112
3.3759999999999475 0.5549152000000108
3.3769999999999474 0.5547058000000111
3.3779999999999473 0.5544968000000108
3.378999999999947 0.5542882000000111
3.379999999999947 0.5540800000000108
3.380999999999947 0.5538722000000111
3.381999999999947 0.5536648000000108
3.3829999999999467 0.5534578000000112
3.3839999999999466 0.5532512000000109
3.3849999999999465 0.5530450000000109
3.3859999999999464 0.5528392000000111
3.3869999999999463 0.552633800000011
3.387999999999946 0.5524288000000108
3.388999999999946 0.5522242000000108
3.389999999999946 0.5520200000000111
3.390999999999946 0.5518162000000111
3.3919999999999457 0.5516128000000109
3.3929999999999456 0.5514098000000109
3.3939999999999455 0.5512072000000112
3.3949999999999454 0.5510050000000108
3.3959999999999453 0.5508032000000112
3.396999999999945 0.5506018000000108
3.397999999999945 0.5504008000000111
3.398999999999945 0.5502002000000108
3.399999999999945 0.5500000000000111
3.4009999999999447 0.2603801999999791
3.4019999999999446 0.26076079999997903
3.4029999999999445 0.261141799999979
3.4039999999999444 0.261523199999979
3.4049999999999443 0.26190499999997896
3.405999999999944 0.26228719999997874
3.406999999999944 0.26266979999997875
3.407999999999944 0.26305279999997877
3.408999999999944 0.2634361999999786
3.4099999999999437 0.2638199999999786
3.4109999999999436 0.26420419999997846
3.4119999999999435 0.2645887999999783
3.4129999999999434 0.2649737999999784
3.4139999999999433 0.26535919999997826
3.414999999999943 0.26574499999997814
3.415999999999943 0.26613119999997825
3.416999999999943 0.26651779999997816
3.417999999999943 0.26690479999997807
3.4189999999999428 0.267292199999978
3.4199999999999426 0.26767999999997794
3.4209999999999425 0.2680681999999779
3.4219999999999424 0.26845679999997785
3.4229999999999423 0.2688457999999776
3.423999999999942 0.2692351999999776
3.424999999999942 0.2696249999999776
3.425999999999942 0.2700151999999776
3.426999999999942 0.2704057999999774
3.4279999999999418 0.2707967999999774
3.4289999999999417 0.27118819999997723
3.4299999999999415 0.2715799999999773
3.4309999999999414 0.2719721999999771
3.4319999999999413 0.2723647999999772
3.432999999999941 0.27275779999997707
3.433999999999941 0.27315119999997695
3.434999999999941 0.27354499999997683
3.435999999999941 0.27393919999997673
3.4369999999999408 0.27433379999997687
3.4379999999999407 0.2747287999999768
3.4389999999999405 0.2751241999999767
3.4399999999999404 0.2755199999999767
3.4409999999999403 0.2759161999999764
3.44199999999994 0.2763127999999764
3.44299999999994 0.27670979999997636
3.44399999999994 0.27710719999997635
3.44499999999994 0.27750499999997613
3.4459999999999398 0.27790319999997615
3.4469999999999397 0.2783017999999762
3.4479999999999396 0.278700799999976
3.4489999999999394 0.27910019999997604
3.4499999999999393 0.2794999999999759
3.4509999999999392 0.27990019999997573
3.451999999999939 0.2803007999999758
3.452999999999939 0.2807017999999757
3.453999999999939 0.2811031999999756
3.454999999999939 0.28150499999997547
3.4559999999999387 0.2819071999999754
3.4569999999999386 0.2823097999999753
3.4579999999999385 0.28271279999997523
3.4589999999999383 0.28311619999997517
3.4599999999999382 0.2835199999999751
3.460999999999938 0.2839241999999751
3.461999999999938 0.28432879999997507
3.462999999999938 0.28473379999997506
3.463999999999938 0.28513919999997484
3.4649999999999377 0.28554499999997485
3.4659999999999376 0.28595119999997487
3.4669999999999375 0.2863577999999747
3.4679999999999374 0.28676479999997473
3.4689999999999372 0.28717219999997456
3.469999999999937 0.2875799999999744
3.470999999999937 0.2879881999999745
3.471999999999937 0.28839679999997436
3.472999999999937 0.28880579999997424
3.4739999999999367 0.28921519999997414
3.4749999999999366 0.28962499999997426
3.4759999999999365 0.2900351999999742
3.4769999999999364 0.2904457999999741
3.4779999999999363 0.29085679999997405
3.478999999999936 0.2912681999999738
3.479999999999936 0.29167999999997374
3.480999999999936 0.2920921999999737
3.481999999999936 0.2925047999999737
3.4829999999999357 0.2929177999999737
3.4839999999999356 0.2933311999999735
3.4849999999999355 0.2937449999999735
3.4859999999999354 0.2941591999999733
3.4869999999999353 0.29457379999997335
3.487999999999935 0.2949887999999732
3.488999999999935 0.29540419999997325
3.489999999999935 0.2958199999999731
3.490999999999935 0.29623619999997297
3.4919999999999347 0.29665279999997285
3.4929999999999346 0.29706979999997296
3.4939999999999345 0.29748719999997286
3.4949999999999344 0.2979049999999728
3.4959999999999343 0.2983231999999727
3.496999999999934 0.29874179999997263
3.497999999999934 0.2991607999999726
3.498999999999934 0.29958019999997254
3.499999999999934 0.2999999999999723
3.5009999999999337 0.30042019999997227
3.5019999999999336 0.30084079999997226
3.5029999999999335 0.30126179999997205
3.5039999999999334 0.30168319999997206
3.5049999999999333 0.3021049999999721
3.505999999999933 0.3025271999999719
3.506999999999933 0.30294979999997196
3.507999999999933 0.3033727999999718
3.508999999999933 0.30379619999997165
3.5099999999999327 0.30421999999997174
3.5109999999999326 0.3046441999999716
3.5119999999999325 0.3050687999999715
3.5129999999999324 0.3054937999999714
3.5139999999999323 0.3059191999999713
3.514999999999932 0.3063449999999712
3.515999999999932 0.30677119999997116
3.516999999999932 0.3071977999999711
3.517999999999932 0.30762479999997105
3.5189999999999317 0.308052199999971
3.5199999999999316 0.308479999999971
3.5209999999999315 0.30890819999997077
3.5219999999999314 0.30933679999997077
3.5229999999999313 0.30976579999997056
3.523999999999931 0.3101951999999706
3.524999999999931 0.3106249999999706
3.525999999999931 0.31105519999997044
3.526999999999931 0.3114857999999703
3.5279999999999307 0.31191679999997035
3.5289999999999306 0.3123481999999702
3.5299999999999305 0.3127799999999701
3.5309999999999304 0.31321219999996996
3.5319999999999303 0.3136447999999701
3.53299999999993 0.31407779999997
3.53399999999993 0.3145111999999699
3.53499999999993 0.31494499999996983
3.53599999999993 0.3153791999999698
3.5369999999999298 0.3158137999999697
3.5379999999999296 0.31624879999996947
3.5389999999999295 0.31668419999996944
3.5399999999999294 0.3171199999999694
3.5409999999999293 0.3175561999999692
3.541999999999929 0.3179927999999692
3.542999999999929 0.31842979999996923
3.543999999999929 0.31886719999996904
3.544999999999929 0.3193049999999691
3.5459999999999288 0.3197431999999689
3.5469999999999287 0.32018179999996876
3.5479999999999285 0.32062079999996884
3.5489999999999284 0.3210601999999687
3.5499999999999283 0.3214999999999686
3.550999999999928 0.3219401999999685
3.551999999999928 0.3223807999999684
3.552999999999928 0.3228217999999683
3.553999999999928 0.3232631999999682
3.5549999999999278 0.32370499999996816
3.5559999999999277 0.3241471999999681
3.5569999999999276 0.32458979999996806
3.5579999999999274 0.32503279999996804
3.5589999999999273 0.325476199999968
3.5599999999999272 0.3259199999999678
3.560999999999927 0.3263641999999678
3.561999999999927 0.3268087999999676
3.562999999999927 0.3272537999999676
3.563999999999927 0.32769919999996744
3.5649999999999267 0.3281449999999675
3.5659999999999266 0.32859119999996733
3.5669999999999265 0.3290377999999674
3.5679999999999263 0.32948479999996727
3.5689999999999262 0.32993219999996715
3.569999999999926 0.33037999999996703
3.570999999999926 0.33082819999996693
3.571999999999926 0.33127679999996684
3.572999999999926 0.33172579999996676
3.5739999999999257 0.3321751999999667
3.5749999999999256 0.33262499999996664
3.5759999999999255 0.3330751999999666
3.5769999999999254 0.33352579999996657
3.5779999999999252 0.3339767999999663
3.578999999999925 0.3344281999999663
3.579999999999925 0.3348799999999663
3.580999999999925 0.3353321999999661
3.581999999999925 0.33578479999996613
3.5829999999999247 0.33623779999996595
3.5839999999999246 0.336691199999966
3.5849999999999245 0.33714499999996583
3.5859999999999244 0.3375991999999657
3.5869999999999242 0.33805379999996577
3.587999999999924 0.33850879999996564
3.588999999999924 0.3389641999999655
3.589999999999924 0.3394199999999654
3.590999999999924 0.3398761999999653
3.5919999999999237 0.34033279999996524
3.5929999999999236 0.34078979999996517
3.5939999999999235 0.3412471999999651
3.5949999999999234 0.34170499999996506
3.5959999999999233 0.34216319999996503
3.596999999999923 0.342621799999965
3.597999999999923 0.34308079999996477
3.598999999999923 0.34354019999996477
3.599999999999923 0.34399999999996456
3.6009999999999227 0.3444601999999646
3.6019999999999226 0.3449207999999644
3.6029999999999225 0.34538179999996443
3.6039999999999224 0.34584319999996427
3.6049999999999223 0.34630499999996434
3.605999999999922 0.3467671999999642
3.606999999999922 0.34722979999996406
3.607999999999922 0.34769279999996394
3.608999999999922 0.34815619999996383
3.6099999999999217 0.34861999999996374
3.6109999999999216 0.34908419999996365
3.6119999999999215 0.3495487999999636
3.6129999999999214 0.3500137999999635
3.6139999999999213 0.35047919999996346
3.614999999999921 0.3509449999999634
3.615999999999921 0.3514111999999634
3.616999999999921 0.35187779999996316
3.617999999999921 0.35234479999996315
3.6189999999999207 0.35281219999996316
3.6199999999999206 0.35327999999996296
3.6209999999999205 0.353748199999963
3.6219999999999204 0.3542167999999628
3.6229999999999203 0.35468579999996286
3.62399999999992 0.3551551999999627
3.62499999999992 0.35562499999996255
3.62599999999992 0.3560951999999624
3.62699999999992 0.3565657999999625
3.6279999999999197 0.3570367999999624
3.6289999999999196 0.3575081999999623
3.6299999999999195 0.3579799999999622
3.6309999999999194 0.35845219999996214
3.6319999999999193 0.3589247999999621
3.632999999999919 0.359397799999962
3.633999999999919 0.35987119999996176
3.634999999999919 0.3603449999999617
3.635999999999919 0.3608191999999617
3.6369999999999187 0.3612937999999615
3.6379999999999186 0.3617687999999615
3.6389999999999185 0.3622441999999615
3.6399999999999184 0.3627199999999613
3.6409999999999183 0.36319619999996133
3.641999999999918 0.36367279999996116
3.642999999999918 0.364149799999961
3.643999999999918 0.36462719999996107
3.644999999999918 0.36510499999996093
3.6459999999999178 0.3655831999999608
3.6469999999999176 0.3660617999999607
3.6479999999999175 0.3665407999999606
3.6489999999999174 0.3670201999999605
3.6499999999999173 0.3674999999999604
3.650999999999917 0.36798019999996034
3.651999999999917 0.3684607999999603
3.652999999999917 0.36894179999996024
3.653999999999917 0.3694231999999602
3.6549999999999168 0.36990499999995996
3.6559999999999166 0.37038719999995995
3.6569999999999165 0.37086979999995995
3.6579999999999164 0.37135279999995974
3.6589999999999163 0.37183619999995976
3.659999999999916 0.37231999999995957
3.660999999999916 0.3728041999999596
3.661999999999916 0.37328879999995945
3.662999999999916 0.3737737999999593
3.6639999999999158 0.37425919999995916
3.6649999999999157 0.37474499999995925
3.6659999999999155 0.37523119999995913
3.6669999999999154 0.375717799999959
3.6679999999999153 0.3762047999999589
3.668999999999915 0.37669219999995884
3.669999999999915 0.37717999999995877
3.670999999999915 0.3776681999999587
3.671999999999915 0.37815679999995866
3.6729999999999148 0.3786457999999584
3.6739999999999147 0.37913519999995837
3.6749999999999146 0.37962499999995836
3.6759999999999144 0.38011519999995813
3.6769999999999143 0.38060579999995814
3.6779999999999142 0.38109679999995794
3.678999999999914 0.38158819999995797
3.679999999999914 0.3820799999999578
3.680999999999914 0.38257219999995784
3.681999999999914 0.3830647999999577
3.6829999999999137 0.38355779999995754
3.6839999999999136 0.3840511999999574
3.6849999999999135 0.3845449999999575
3.6859999999999133 0.3850391999999574
3.6869999999999132 0.3855337999999573
3.687999999999913 0.3860287999999572
3.688999999999913 0.38652419999995713
3.689999999999913 0.38701999999995707
3.690999999999913 0.3875161999999568
3.6919999999999127 0.38801279999995675
3.6929999999999126 0.3885097999999567
3.6939999999999125 0.3890071999999567
3.6949999999999124 0.38950499999995647
3.6959999999999122 0.3900031999999565
3.696999999999912 0.39050179999995627
3.697999999999912 0.3910007999999563
3.698999999999912 0.3915001999999561
3.699999999999912 0.39199999999995616
3.7009999999999117 0.392500199999956
3.7019999999999116 0.39300079999995585
3.7029999999999115 0.3935017999999557
3.7039999999999114 0.3940031999999558
3.7049999999999113 0.3945049999999557
3.705999999999911 0.3950071999999556
3.706999999999911 0.3955097999999555
3.707999999999911 0.3960127999999554
3.708999999999911 0.39651619999995535
3.7099999999999107 0.3970199999999551
3.7109999999999106 0.39752419999995503
3.7119999999999105 0.398028799999955
3.7129999999999104 0.398533799999955
3.7139999999999103 0.39903919999995474
3.71499999999991 0.39954499999995474
3.71599999999991 0.40005119999995453
3.71699999999991 0.40055779999995456
3.71799999999991 0.40106479999995437
3.7189999999999097 0.4015721999999544
3.7199999999999096 0.40207999999995425
3.7209999999999095 0.4025881999999541
3.7219999999999094 0.40309679999995396
3.7229999999999093 0.40360579999995405
3.723999999999909 0.40411519999995393
3.724999999999909 0.4046249999999538
3.725999999999909 0.40513519999995373
3.726999999999909 0.40564579999995365
3.7279999999999087 0.4061567999999536
3.7289999999999086 0.4066681999999535
3.7299999999999085 0.40717999999995325
3.7309999999999084 0.4076921999999532
3.7319999999999083 0.4082047999999532
3.732999999999908 0.40871779999995295
3.733999999999908 0.40923119999995294
3.734999999999908 0.40974499999995295
3.735999999999908 0.41025919999995275
3.7369999999999077 0.41077379999995256
3.7379999999999076 0.4112887999999526
3.7389999999999075 0.41180419999995244
3.7399999999999074 0.4123199999999523
3.7409999999999073 0.41283619999995236
3.741999999999907 0.4133527999999522
3.742999999999907 0.4138697999999521
3.743999999999907 0.414387199999952
3.744999999999907 0.4149049999999519
3.7459999999999067 0.4154231999999518
3.7469999999999066 0.41594179999995173
3.7479999999999065 0.41646079999995167
3.7489999999999064 0.4169801999999516
3.7499999999999063 0.41749999999995135
3.750999999999906 0.4180201999999513
3.751999999999906 0.4185407999999513
3.752999999999906 0.4190617999999511
3.753999999999906 0.4195831999999511
3.7549999999999057 0.4201049999999509
3.7559999999999056 0.4206271999999509
3.7569999999999055 0.4211497999999507
3.7579999999999054 0.4216727999999508
3.7589999999999053 0.4221961999999506
3.759999999999905 0.42271999999995047
3.760999999999905 0.42324419999995033
3.761999999999905 0.4237687999999502
3.762999999999905 0.4242937999999503
3.7639999999999048 0.4248191999999502
3.7649999999999046 0.4253449999999501
3.7659999999999045 0.4258711999999498
3.7669999999999044 0.42639779999994976
3.7679999999999043 0.4269247999999497
3.768999999999904 0.42745219999994966
3.769999999999904 0.4279799999999496
3.770999999999904 0.4285081999999494
3.771999999999904 0.42903679999994937
3.7729999999999038 0.42956579999994915
3.7739999999999037 0.43009519999994916
3.7749999999999035 0.43062499999994897
3.7759999999999034 0.431155199999949
3.7769999999999033 0.4316857999999488
3.777999999999903 0.43221679999994866
3.778999999999903 0.43274819999994873
3.779999999999903 0.4332799999999486
3.780999999999903 0.43381219999994847
3.7819999999999028 0.43434479999994835
3.7829999999999027 0.43487779999994824
3.7839999999999026 0.43541119999994815
3.7849999999999024 0.43594499999994807
3.7859999999999023 0.436479199999948
3.7869999999999022 0.43701379999994794
3.787999999999902 0.4375487999999479
3.788999999999902 0.43808419999994763
3.789999999999902 0.4386199999999476
3.790999999999902 0.4391561999999476
3.7919999999999017 0.43969279999994737
3.7929999999999016 0.4402297999999474
3.7939999999999015 0.4407671999999472
3.7949999999999013 0.441304999999947
3.7959999999999012 0.44184319999994703
3.796999999999901 0.44238179999994687
3.797999999999901 0.4429207999999467
3.798999999999901 0.4434601999999468
3.799999999999901 0.44399999999994666
3.8009999999999007 0.44454019999994654
3.8019999999999006 0.44508079999994643
3.8029999999999005 0.44562179999994633
3.8039999999999003 0.44616319999994625
3.8049999999999002 0.4467049999999462
3.8059999999999 0.4472471999999461
3.8069999999999 0.44778979999994584
3.8079999999999 0.4483327999999458
3.8089999999999 0.44887619999994577
3.8099999999998997 0.44941999999994553
3.8109999999998996 0.4499641999999455
3.8119999999998995 0.4505087999999453
3.8129999999998994 0.4510537999999453
3.8139999999998992 0.45159919999994513
3.814999999999899 0.4521449999999452
3.815999999999899 0.452691199999945
3.816999999999899 0.45323779999994485
3.817999999999899 0.4537847999999447
3.8189999999998987 0.4543321999999448
3.8199999999998986 0.45487999999994466
3.8209999999998985 0.45542819999994455
3.8219999999998984 0.45597679999994445
3.8229999999998983 0.45652579999994436
3.823999999999898 0.4570751999999443
3.824999999999898 0.457624999999944
3.825999999999898 0.45817519999994394
3.826999999999898 0.4587257999999439
3.8279999999998977 0.45927679999994386
3.8289999999998976 0.4598281999999436
3.8299999999998975 0.4603799999999436
3.8309999999998974 0.4609321999999434
3.8319999999998973 0.4614847999999434
3.832999999999897 0.4620377999999432
3.833999999999897 0.46259119999994325
3.834999999999897 0.4631449999999431
3.835999999999897 0.4636991999999429
3.8369999999998967 0.464253799999943
3.8379999999998966 0.46480879999994285
3.8389999999998965 0.4653641999999427
3.8399999999998964 0.4659199999999426
3.8409999999998963 0.4664761999999425
3.841999999999896 0.4670327999999424
3.842999999999896 0.4675897999999423
3.843999999999896 0.46814719999994225
3.844999999999896 0.468704999999942
3.8459999999998957 0.4692631999999419
3.8469999999998956 0.4698217999999419
3.8479999999998955 0.47038079999994165
3.8489999999998954 0.47094019999994163
3.8499999999998953 0.47149999999994163
3.850999999999895 0.4720601999999414
3.851999999999895 0.4726207999999412
3.852999999999895 0.47318179999994125
3.853999999999895 0.4737431999999411
3.8549999999998947 0.4743049999999409
3.8559999999998946 0.474867199999941
3.8569999999998945 0.47542979999994084
3.8579999999998944 0.4759927999999407
3.8589999999998943 0.4765561999999406
3.859999999999894 0.4771199999999405
3.860999999999894 0.4776841999999404
3.861999999999894 0.4782487999999403
3.862999999999894 0.4788137999999402
3.8639999999998937 0.47937919999994016
3.8649999999998936 0.4799449999999399
3.8659999999998935 0.48051119999993985
3.8669999999998934 0.4810777999999398
3.8679999999998933 0.4816447999999396
3.868999999999893 0.4822121999999396
3.869999999999893 0.48277999999993937
3.870999999999893 0.4833481999999394
3.871999999999893 0.4839167999999392
3.8729999999998928 0.48448579999993924
3.8739999999998926 0.48505519999993907
3.8749999999998925 0.4856249999999389
3.8759999999998924 0.48619519999993877
3.8769999999998923 0.48676579999993863
3.877999999999892 0.4873367999999385
3.878999999999892 0.4879081999999384
3.879999999999892 0.4884799999999383
3.880999999999892 0.4890521999999382
3.8819999999998918 0.48962479999993813
3.8829999999998916 0.49019779999993807
3.8839999999998915 0.490771199999938
3.8849999999998914 0.49134499999993797
3.8859999999998913 0.4919191999999377
3.886999999999891 0.4924937999999377
3.887999999999891 0.49306879999993747
3.888999999999891 0.49364419999993747
3.889999999999891 0.49421999999993727
3.8909999999998908 0.4947961999999373
3.8919999999998907 0.4953727999999371
3.8929999999998905 0.49594979999993694
3.8939999999998904 0.496527199999937
3.8949999999998903 0.49710499999993685
3.89599999999989 0.4976831999999367
3.89699999999989 0.4982617999999366
3.89799999999989 0.49884079999993647
3.89899999999989 0.49942019999993637
3.8999999999998898 0.4999999999999363
3.9009999999998897 0.5005801999999362
3.9019999999998896 0.5011607999999361
3.9029999999998894 0.5017417999999358
3.9039999999998893 0.5023231999999358
3.9049999999998892 0.5029049999999358
3.905999999999889 0.5034871999999355
3.906999999999889 0.5040697999999355
3.907999999999889 0.5046527999999353
3.908999999999889 0.5052361999999353
3.9099999999998887 0.5058199999999351
3.9109999999998886 0.5064041999999351
3.9119999999998885 0.506988799999935
3.9129999999998883 0.5075737999999348
3.9139999999998882 0.5081591999999346
3.914999999999888 0.5087449999999347
3.915999999999888 0.5093311999999346
3.916999999999888 0.5099177999999345
3.917999999999888 0.5105047999999344
3.9189999999998877 0.5110921999999343
3.9199999999998876 0.511679999999934
3.9209999999998875 0.5122681999999339
3.9219999999998874 0.5128567999999338
3.9229999999998872 0.5134457999999338
3.923999999999887 0.5140351999999337
3.924999999999887 0.5146249999999335
3.925999999999887 0.5152151999999335
3.926999999999887 0.5158057999999333
3.9279999999998867 0.5163967999999333
3.9289999999998866 0.5169881999999331
3.9299999999998865 0.5175799999999329
3.9309999999998864 0.5181721999999329
3.9319999999998863 0.5187647999999327
3.932999999999886 0.5193577999999326
3.933999999999886 0.5199511999999324
3.934999999999886 0.5205449999999323
3.935999999999886 0.5211391999999324
3.9369999999998857 0.5217337999999323
3.9379999999998856 0.522328799999932
3.9389999999998855 0.5229241999999319
3.9399999999998854 0.5235199999999318
3.9409999999998853 0.5241161999999318
3.941999999999885 0.5247127999999317
3.942999999999885 0.5253097999999314
3.943999999999885 0.5259071999999314
3.944999999999885 0.5265049999999314
3.9459999999998847 0.5271031999999312
3.9469999999998846 0.5277017999999312
3.9479999999998845 0.528300799999931
3.9489999999998844 0.5289001999999308
3.9499999999998843 0.5294999999999308
3.950999999999884 0.5301001999999306
3.951999999999884 0.5307007999999305
3.952999999999884 0.5313017999999303
3.953999999999884 0.5319031999999302
3.9549999999998837 0.5325049999999303
3.9559999999998836 0.5331071999999302
3.9569999999998835 0.5337097999999301
3.9579999999998834 0.5343127999999298
3.9589999999998833 0.5349161999999297
3.959999999999883 0.5355199999999296
3.960999999999883 0.5361241999999296
3.961999999999883 0.5367287999999293
3.962999999999883 0.5373337999999293
3.9639999999998827 0.5379391999999292
3.9649999999998826 0.538544999999929
3.9659999999998825 0.539151199999929
3.9669999999998824 0.5397577999999288
3.9679999999998823 0.5403647999999288
3.968999999999882 0.5409721999999286
3.969999999999882 0.5415799999999285
3.970999999999882 0.5421881999999283
3.971999999999882 0.5427967999999284
3.9729999999998817 0.5434057999999282
3.9739999999998816 0.5440151999999281
3.9749999999998815 0.544624999999928
3.9759999999998814 0.5452351999999279
3.9769999999998813 0.5458457999999278
3.977999999999881 0.5464567999999275
3.978999999999881 0.5470681999999274
3.979999999999881 0.5476799999999273
3.980999999999881 0.5482921999999273
3.9819999999998807 0.548904799999927
3.9829999999998806 0.549517799999927
3.9839999999998805 0.5501311999999268
3.9849999999998804 0.5507449999999268
3.9859999999998803 0.5513591999999266
3.98699999999988 0.5519737999999266
3.98799999999988 0.5525887999999264
3.98899999999988 0.5532041999999262
3.98999999999988 0.5538199999999263
3.9909999999998798 0.5544361999999261
3.9919999999998796 0.555052799999926
3.9929999999998795 0.5556697999999258
3.9939999999998794 0.5562871999999257
3.9949999999998793 0.5569049999999256
3.995999999999879 0.5575231999999255
3.996999999999879 0.5581417999999254
3.997999999999879 0.5587607999999253
3.998999999999879 0.559380199999925
3.9999999999998788 0.559999999999925
