2.9 0.6899809999999997
2.901 0.68989090901
2.9019999999999997 0.6898006180399998
2.9029999999999996 0.6897101270899999
2.9039999999999995 0.6896194361599999
2.9049999999999994 0.6895285452500002
2.9059999999999993 0.6894374543599999
2.906999999999999 0.68934616349
2.907999999999999 0.68925467264
2.908999999999999 0.6891629818100002
2.909999999999999 0.689071091
2.9109999999999987 0.68897900021
2.9119999999999986 0.68888670944
2.9129999999999985 0.6887942186900002
2.9139999999999984 0.68870152796
2.9149999999999983 0.68860863725
2.915999999999998 0.6885155465599999
2.916999999999998 0.6884222558900002
2.917999999999998 0.6883287652399999
2.918999999999998 0.6882350746099999
2.9199999999999977 0.6881411840000002
2.9209999999999976 0.68804709341
2.9219999999999975 0.6879528028400002
2.9229999999999974 0.6878583122900002
2.9239999999999973 0.6877636217600005
2.924999999999997 0.6876687312500003
2.925999999999997 0.6875736407600004
2.926999999999997 0.6874783502900004
2.927999999999997 0.6873828598400002
2.9289999999999967 0.6872871694100005
2.9299999999999966 0.6871912790000001
2.9309999999999965 0.6870951886100001
2.9319999999999964 0.6869988982400004
2.9329999999999963 0.6869024078900001
2.933999999999996 0.6868057175600002
2.934999999999996 0.6867088272500006
2.935999999999996 0.6866117369600004
2.936999999999996 0.6865144466900006
2.9379999999999957 0.6864169564400002
2.9389999999999956 0.6863192662100002
2.9399999999999955 0.6862213760000004
2.9409999999999954 0.6861232858100001
2.9419999999999953 0.6860249956400006
2.942999999999995 0.6859265054900006
2.943999999999995 0.6858278153600004
2.944999999999995 0.6857289252500005
2.945999999999995 0.6856298351600005
2.9469999999999947 0.6855305450900004
2.9479999999999946 0.6854310550400007
2.9489999999999945 0.6853313650100004
2.9499999999999944 0.6852314750000004
2.9509999999999943 0.6851313850100003
2.951999999999994 0.6850310950400005
2.952999999999994 0.6849306050900006
2.953999999999994 0.6848299151600006
2.954999999999994 0.6847290252500005
2.9559999999999937 0.6846279353600007
2.9569999999999936 0.6845266454900008
2.9579999999999935 0.6844251556400007
2.9589999999999934 0.6843234658100006
2.9599999999999933 0.6842215760000008
2.960999999999993 0.6841194862100004
2.961999999999993 0.6840171964400008
2.962999999999993 0.6839147066900007
2.963999999999993 0.6838120169600008
2.9649999999999928 0.6837091272500004
2.9659999999999926 0.6836060375600008
2.9669999999999925 0.6835027478900007
2.9679999999999924 0.6833992582400008
2.9689999999999923 0.6832955686100008
2.969999999999992 0.6831916790000008
2.970999999999992 0.6830875894100006
2.971999999999992 0.6829832998400007
2.972999999999992 0.6828788102900007
2.9739999999999918 0.6827741207600007
2.9749999999999917 0.6826692312500009
2.9759999999999915 0.6825641417600006
2.9769999999999914 0.682458852290001
2.9779999999999913 0.6823533628400009
2.978999999999991 0.6822476734100011
2.979999999999991 0.6821417840000008
2.980999999999991 0.6820356946100008
2.981999999999991 0.6819294052400011
2.9829999999999908 0.6818229158900009
2.9839999999999907 0.681716226560001
2.9849999999999905 0.681609337250001
2.9859999999999904 0.6815022479600013
2.9869999999999903 0.681394958690001
2.98799999999999 0.6812874694400011
2.98899999999999 0.681179780210001
2.98999999999999 0.6810718910000009
2.99099999999999 0.680963801810001
2.99199999999999 0.6808555126400011
2.9929999999999897 0.680747023490001
2.9939999999999896 0.6806383343600009
2.9949999999999894 0.680529445250001
2.9959999999999893 0.6804203561600011
2.9969999999999892 0.680311067090001
2.997999999999989 0.6802015780400013
2.998999999999989 0.680091889010001
2.999999999999989 0.679982000000001
3.000999999999989 0.679792001000002
3.0019999999999887 0.6795820020000021
3.0029999999999886 0.6793720030000021
3.0039999999999885 0.6791620040000022
3.0049999999999883 0.6789520050000022
3.0059999999999882 0.6787420060000022
3.006999999999988 0.6785320070000023
3.007999999999988 0.6783220080000023
3.008999999999988 0.6781120090000023
3.009999999999988 0.6779020100000024
3.0109999999999877 0.6776920110000024
3.0119999999999876 0.6774820120000025
3.0129999999999875 0.6772720130000025
3.0139999999999874 0.6770620140000025
3.0149999999999872 0.6768520150000026
3.015999999999987 0.6766420160000026
3.016999999999987 0.6764320170000027
3.017999999999987 0.6762220180000027
3.018999999999987 0.6760120190000027
3.0199999999999867 0.6758020200000028
3.0209999999999866 0.6755920210000028
3.0219999999999865 0.6753820220000029
3.0229999999999864 0.6751720230000029
3.0239999999999863 0.6749620240000029
3.024999999999986 0.674752025000003
3.025999999999986 0.674542026000003
3.026999999999986 0.674332027000003
3.027999999999986 0.6741220280000031
3.0289999999999857 0.6739120290000031
3.0299999999999856 0.6737020300000032
3.0309999999999855 0.6734920310000032
3.0319999999999854 0.6732820320000032
3.0329999999999853 0.6730720330000033
3.033999999999985 0.6728620340000033
3.034999999999985 0.6726520350000034
3.035999999999985 0.6724420360000034
3.036999999999985 0.6722320370000034
3.0379999999999847 0.6720220380000035
3.0389999999999846 0.6718120390000035
3.0399999999999845 0.6716020400000036
3.0409999999999844 0.6713920410000032
3.0419999999999843 0.6711820420000032
3.042999999999984 0.6709720430000032
3.043999999999984 0.6707620440000033
3.044999999999984 0.6705520450000033
3.045999999999984 0.6703420460000034
3.0469999999999837 0.6701320470000034
3.0479999999999836 0.6699220480000034
3.0489999999999835 0.669712049000003
3.0499999999999834 0.6695020500000031
3.0509999999999833 0.6692920510000031
3.051999999999983 0.6690820520000031
3.052999999999983 0.6688720530000032
3.053999999999983 0.6686620540000032
3.054999999999983 0.6684520550000033
3.0559999999999827 0.6682420560000033
3.0569999999999826 0.6680320570000033
3.0579999999999825 0.6678220580000034
3.0589999999999824 0.6676120590000034
3.0599999999999823 0.6674020600000035
3.060999999999982 0.6671920610000035
3.061999999999982 0.6669820620000035
3.062999999999982 0.6667720630000036
3.063999999999982 0.6665620640000036
3.0649999999999817 0.6663520650000037
3.0659999999999816 0.6661420660000037
3.0669999999999815 0.6659320670000037
3.0679999999999814 0.6657220680000038
3.0689999999999813 0.6655120690000038
3.069999999999981 0.6653020700000039
3.070999999999981 0.6650920710000039
3.071999999999981 0.6648820720000039
3.072999999999981 0.664672073000004
3.0739999999999807 0.664462074000004
3.0749999999999806 0.664252075000004
3.0759999999999805 0.6640420760000041
3.0769999999999804 0.6638320770000041
3.0779999999999803 0.6636220780000042
3.07899999999998 0.6634120790000042
3.07999999999998 0.6632020800000042
3.08099999999998 0.6629920810000043
3.08199999999998 0.6627820820000043
3.0829999999999798 0.6625720830000044
3.0839999999999796 0.6623620840000044
3.0849999999999795 0.6621520850000044
3.0859999999999794 0.6619420860000045
3.0869999999999793 0.6617320870000045
3.087999999999979 0.6615220880000046
3.088999999999979 0.6613120890000046
3.089999999999979 0.6611020900000046
3.090999999999979 0.6608920910000047
3.0919999999999788 0.6606820920000047
3.0929999999999787 0.6604720930000048
3.0939999999999785 0.6602620940000048
3.0949999999999784 0.6600520950000048
3.0959999999999783 0.6598420960000049
3.096999999999978 0.6596320970000045
3.097999999999978 0.6594220980000045
3.098999999999978 0.6592120990000045
3.099999999999978 0.6590021000000046
3.1009999999999778 0.6587921010000046
3.1019999999999777 0.6585821020000047
3.1029999999999776 0.6583721030000047
3.1039999999999774 0.6581621040000043
3.1049999999999773 0.6579521050000043
3.1059999999999772 0.6577421060000044
3.106999999999977 0.6575321070000044
3.107999999999977 0.6573221080000045
3.108999999999977 0.6571121090000045
3.109999999999977 0.6569021100000045
3.1109999999999767 0.6566921110000046
3.1119999999999766 0.6564821120000046
3.1129999999999765 0.6562721130000047
3.1139999999999763 0.6560621140000047
3.1149999999999762 0.6558521150000047
3.115999999999976 0.6556421160000048
3.116999999999976 0.6554321170000048
3.117999999999976 0.6552221180000048
3.118999999999976 0.6550121190000049
3.1199999999999757 0.6548021200000049
3.1209999999999756 0.654592121000005
3.1219999999999755 0.654382122000005
3.1229999999999754 0.654172123000005
3.1239999999999752 0.6539621240000051
3.124999999999975 0.6537521250000051
3.125999999999975 0.6535421260000052
3.126999999999975 0.6533321270000052
3.127999999999975 0.6531221280000052
3.1289999999999747 0.6529121290000053
3.1299999999999746 0.6527021300000053
3.1309999999999745 0.6524921310000054
3.1319999999999744 0.6522821320000054
3.1329999999999742 0.6520721330000054
3.133999999999974 0.6518621340000055
3.134999999999974 0.6516521350000055
3.135999999999974 0.6514421360000056
3.136999999999974 0.6512321370000056
3.1379999999999737 0.6510221380000056
3.1389999999999736 0.6508121390000057
3.1399999999999735 0.6506021400000057
3.1409999999999734 0.6503921410000058
3.1419999999999733 0.6501821420000058
3.142999999999973 0.6499721430000058
3.143999999999973 0.6497621440000059
3.144999999999973 0.6495521450000059
3.145999999999973 0.649342146000006
3.1469999999999727 0.649132147000006
3.1479999999999726 0.648922148000006
3.1489999999999725 0.6487121490000061
3.1499999999999724 0.6485021500000061
3.1509999999999723 0.6482921510000061
3.151999999999972 0.6480821520000057
3.152999999999972 0.6478721530000058
3.153999999999972 0.6476621540000058
3.154999999999972 0.6474521550000059
3.1559999999999717 0.6472421560000059
3.1569999999999716 0.6470321570000059
3.1579999999999715 0.646822158000006
3.1589999999999714 0.6466121590000056
3.1599999999999713 0.6464021600000056
3.160999999999971 0.6461921610000056
3.161999999999971 0.6459821620000057
3.162999999999971 0.6457721630000057
3.163999999999971 0.6455621640000058
3.1649999999999707 0.6453521650000058
3.1659999999999706 0.6451421660000058
3.1669999999999705 0.6449321670000059
3.1679999999999704 0.6447221680000059
3.1689999999999703 0.644512169000006
3.16999999999997 0.644302170000006
3.17099999999997 0.644092171000006
3.17199999999997 0.6438821720000061
3.17299999999997 0.6436721730000061
3.1739999999999697 0.6434621740000062
3.1749999999999696 0.6432521750000062
3.1759999999999695 0.6430421760000062
3.1769999999999694 0.6428321770000063
3.1779999999999693 0.6426221780000063
3.178999999999969 0.6424121790000064
3.179999999999969 0.6422021800000064
3.180999999999969 0.6419921810000064
3.181999999999969 0.6417821820000065
3.1829999999999687 0.6415721830000065
3.1839999999999686 0.6413621840000066
3.1849999999999685 0.6411521850000066
3.1859999999999684 0.6409421860000066
3.1869999999999683 0.6407321870000067
3.187999999999968 0.6405221880000067
3.188999999999968 0.6403121890000067
3.189999999999968 0.6401021900000068
3.190999999999968 0.6398921910000068
3.1919999999999678 0.6396821920000069
3.1929999999999676 0.6394721930000069
3.1939999999999675 0.639262194000007
3.1949999999999674 0.639052195000007
3.1959999999999673 0.638842196000007
3.196999999999967 0.6386321970000071
3.197999999999967 0.6384221980000071
3.198999999999967 0.6382121990000071
3.199999999999967 0.6380022000000072
3.2009999999999668 0.6377922010000072
3.2019999999999667 0.6375822020000073
3.2029999999999665 0.6373722030000073
3.2039999999999664 0.6371622040000073
3.2049999999999663 0.6369522050000074
3.205999999999966 0.6367422060000074
3.206999999999966 0.636532207000007
3.207999999999966 0.636322208000007
3.208999999999966 0.6361122090000071
3.2099999999999658 0.6359022100000071
3.2109999999999657 0.6356922110000072
3.2119999999999655 0.6354822120000072
3.2129999999999654 0.6352722130000072
3.2139999999999653 0.6350622140000068
3.214999999999965 0.6348522150000069
3.215999999999965 0.6346422160000069
3.216999999999965 0.634432217000007
3.217999999999965 0.634222218000007
3.218999999999965 0.634012219000007
3.2199999999999647 0.6338022200000071
3.2209999999999646 0.6335922210000071
3.2219999999999644 0.6333822220000072
3.2229999999999643 0.6331722230000072
3.2239999999999642 0.6329622240000072
3.224999999999964 0.6327522250000073
3.225999999999964 0.6325422260000073
3.226999999999964 0.6323322270000074
3.227999999999964 0.6321222280000074
3.2289999999999637 0.6319122290000074
3.2299999999999636 0.6317022300000075
3.2309999999999635 0.6314922310000075
3.2319999999999633 0.6312822320000075
3.2329999999999632 0.6310722330000076
3.233999999999963 0.6308622340000076
3.234999999999963 0.6306522350000077
3.235999999999963 0.6304422360000077
3.236999999999963 0.6302322370000077
3.2379999999999627 0.6300222380000078
3.2389999999999626 0.6298122390000078
3.2399999999999625 0.6296022400000079
3.2409999999999624 0.6293922410000079
3.2419999999999622 0.6291822420000079
3.242999999999962 0.628972243000008
3.243999999999962 0.628762244000008
3.244999999999962 0.6285522450000081
3.245999999999962 0.6283422460000081
3.2469999999999617 0.6281322470000081
3.2479999999999616 0.6279222480000082
3.2489999999999615 0.6277122490000082
3.2499999999999614 0.6275022500000083
3.2509999999999613 0.6272922510000083
3.251999999999961 0.6270822520000083
3.252999999999961 0.6268722530000084
3.253999999999961 0.6266622540000084
3.254999999999961 0.6264522550000085
3.2559999999999607 0.6262422560000085
3.2569999999999606 0.6260322570000085
3.2579999999999605 0.6258222580000086
3.2589999999999604 0.6256122590000086
3.2599999999999603 0.6254022600000086
3.26099999999996 0.6251922610000087
3.26199999999996 0.6249822620000083
3.26299999999996 0.6247722630000083
3.26399999999996 0.6245622640000084
3.2649999999999597 0.6243522650000084
3.2659999999999596 0.6241422660000084
3.2669999999999595 0.6239322670000085
3.2679999999999594 0.6237222680000085
3.2689999999999593 0.6235122690000081
3.269999999999959 0.6233022700000082
3.270999999999959 0.6230922710000082
3.271999999999959 0.6228822720000082
3.272999999999959 0.6226722730000083
3.2739999999999587 0.6224622740000083
3.2749999999999586 0.6222522750000083
3.2759999999999585 0.6220422760000084
3.2769999999999584 0.6218322770000084
3.2779999999999583 0.6216222780000085
3.278999999999958 0.6214122790000085
3.279999999999958 0.6212022800000085
3.280999999999958 0.6209922810000086
3.281999999999958 0.6207822820000086
3.2829999999999577 0.6205722830000087
3.2839999999999576 0.6203622840000087
3.2849999999999575 0.6201522850000087
3.2859999999999574 0.6199422860000088
3.2869999999999573 0.6197322870000088
3.287999999999957 0.6195222880000089
3.288999999999957 0.6193122890000089
3.289999999999957 0.6191022900000089
3.290999999999957 0.618892291000009
3.2919999999999567 0.618682292000009
3.2929999999999566 0.618472293000009
3.2939999999999565 0.6182622940000091
3.2949999999999564 0.6180522950000091
3.2959999999999563 0.6178422960000092
3.296999999999956 0.6176322970000092
3.297999999999956 0.6174222980000093
3.298999999999956 0.6172122990000093
3.299999999999956 0.6170023000000093
3.3009999999999557 0.6167923010000094
3.3019999999999556 0.6165823020000094
3.3029999999999555 0.6163723030000094
3.3039999999999554 0.6161623040000095
3.3049999999999553 0.6159523050000095
3.305999999999955 0.6157423060000096
3.306999999999955 0.6155323070000096
3.307999999999955 0.6153223080000096
3.308999999999955 0.6151123090000097
3.3099999999999548 0.6149023100000097
3.3109999999999546 0.6146923110000098
3.3119999999999545 0.6144823120000098
3.3129999999999544 0.6142723130000098
3.3139999999999543 0.6140623140000099
3.314999999999954 0.6138523150000099
3.315999999999954 0.61364231600001
3.316999999999954 0.6134323170000096
3.317999999999954 0.6132223180000096
3.3189999999999538 0.6130123190000096
3.3199999999999537 0.6128023200000097
3.3209999999999535 0.6125923210000097
3.3219999999999534 0.6123823220000097
3.3229999999999533 0.6121723230000098
3.323999999999953 0.6119623240000094
3.324999999999953 0.6117523250000094
3.325999999999953 0.6115423260000095
3.326999999999953 0.6113323270000095
3.3279999999999528 0.6111223280000095
3.3289999999999527 0.6109123290000096
3.3299999999999526 0.6107023300000096
3.3309999999999524 0.6104923310000097
3.3319999999999523 0.6102823320000097
3.3329999999999522 0.6100723330000097
3.333999999999952 0.6098623340000098
3.334999999999952 0.6096523350000098
3.335999999999952 0.6094423360000099
3.336999999999952 0.6092323370000099
3.3379999999999517 0.6090223380000099
3.3389999999999516 0.60881233900001
3.3399999999999515 0.60860234000001
3.3409999999999513 0.60839234100001
3.3419999999999512 0.6081823420000101
3.342999999999951 0.6079723430000101
3.343999999999951 0.6077623440000102
3.344999999999951 0.6075523450000102
3.345999999999951 0.6073423460000102
3.3469999999999507 0.6071323470000103
3.3479999999999506 0.6069223480000103
3.3489999999999505 0.6067123490000104
3.3499999999999504 0.6065023500000104
3.3509999999999502 0.6062923510000104
3.35199999999995 0.6060823520000105
3.35299999999995 0.6058723530000105
3.35399999999995 0.6056623540000106
3.35499999999995 0.6054523550000106
3.3559999999999497 0.6052423560000106
3.3569999999999496 0.6050323570000107
3.3579999999999495 0.6048223580000107
3.3589999999999494 0.6046123590000108
3.3599999999999492 0.6044023600000108
3.360999999999949 0.6041923610000108
3.361999999999949 0.6039823620000109
3.362999999999949 0.6037723630000109
3.363999999999949 0.603562364000011
3.3649999999999487 0.603352365000011
3.3659999999999486 0.603142366000011
3.3669999999999485 0.6029323670000111
3.3679999999999484 0.6027223680000111
3.3689999999999483 0.6025123690000111
3.369999999999948 0.6023023700000112
3.370999999999948 0.6020923710000112
3.371999999999948 0.6018823720000108
3.372999999999948 0.6016723730000109
3.3739999999999477 0.6014623740000109
3.3749999999999476 0.6012523750000109
3.3759999999999475 0.601042376000011
3.3769999999999474 0.600832377000011
3.3779999999999473 0.6006223780000111
3.378999999999947 0.6004123790000111
3.379999999999947 0.6002023800000107
3.380999999999947 0.5999923810000107
3.381999999999947 0.5997823820000108
3.3829999999999467 0.5995723830000108
3.3839999999999466 0.5993623840000109
3.3849999999999465 0.5991523850000109
3.3859999999999464 0.5989423860000109
3.3869999999999463 0.598732387000011
3.387999999999946 0.598522388000011
3.388999999999946 0.598312389000011
3.389999999999946 0.5981023900000111
3.390999999999946 0.5978923910000111
3.3919999999999457 0.5976823920000112
3.3929999999999456 0.5974723930000112
3.3939999999999455 0.5972623940000112
3.3949999999999454 0.5970523950000113
3.3959999999999453 0.5968423960000113
3.396999999999945 0.5966323970000114
3.397999999999945 0.5964223980000114
3.398999999999945 0.5962123990000114
3.399999999999945 0.5960024000000115
3.4009999999999447 0.5957924010000115
3.4019999999999446 0.5955824020000116
3.4029999999999445 0.5953724030000116
3.4039999999999444 0.5951624040000116
3.4049999999999443 0.5949524050000117
3.405999999999944 0.5947424060000117
3.406999999999944 0.5945324070000118
3.407999999999944 0.5943224080000118
3.408999999999944 0.5941124090000118
3.4099999999999437 0.5939024100000119
3.4109999999999436 0.5936924110000119
3.4119999999999435 0.593482412000012
3.4129999999999434 0.593272413000012
3.4139999999999433 0.593062414000012
3.414999999999943 0.5928524150000121
3.415999999999943 0.5926424160000121
3.416999999999943 0.5924324170000121
3.417999999999943 0.5922224180000122
3.4189999999999428 0.5920124190000122
3.4199999999999426 0.5918024200000123
3.4209999999999425 0.5915924210000123
3.4219999999999424 0.5913824220000123
3.4229999999999423 0.5911724230000124
3.423999999999942 0.5909624240000124
3.424999999999942 0.5907524250000125
3.425999999999942 0.5905424260000125
3.426999999999942 0.5903324270000121
3.4279999999999418 0.5901224280000121
3.4289999999999417 0.5899124290000122
3.4299999999999415 0.5897024300000122
3.4309999999999414 0.5894924310000123
3.4319999999999413 0.5892824320000123
3.432999999999941 0.5890724330000123
3.433999999999941 0.5888624340000124
3.434999999999941 0.588652435000012
3.435999999999941 0.588442436000012
3.4369999999999408 0.588232437000012
3.4379999999999407 0.5880224380000121
3.4389999999999405 0.5878124390000121
3.4399999999999404 0.5876024400000122
3.4409999999999403 0.5873924410000122
3.44199999999994 0.5871824420000122
3.44299999999994 0.5869724430000123
3.44399999999994 0.5867624440000123
3.44499999999994 0.5865524450000124
3.4459999999999398 0.5863424460000124
3.4469999999999397 0.5861324470000124
3.4479999999999396 0.5859224480000125
3.4489999999999394 0.5857124490000125
3.4499999999999393 0.5855024500000126
3.4509999999999392 0.5852924510000126
3.451999999999939 0.5850824520000126
3.452999999999939 0.5848724530000127
3.453999999999939 0.5846624540000127
3.454999999999939 0.5844524550000127
3.4559999999999387 0.5842424560000128
3.4569999999999386 0.5840324570000128
3.4579999999999385 0.5838224580000129
3.4589999999999383 0.5836124590000129
3.4599999999999382 0.583402460000013
3.460999999999938 0.583192461000013
3.461999999999938 0.582982462000013
3.462999999999938 0.5827724630000131
3.463999999999938 0.5825624640000131
3.4649999999999377 0.5823524650000131
3.4659999999999376 0.5821424660000132
3.4669999999999375 0.5819324670000132
3.4679999999999374 0.5817224680000133
3.4689999999999372 0.5815124690000133
3.469999999999937 0.5813024700000133
3.470999999999937 0.5810924710000134
3.471999999999937 0.5808824720000134
3.472999999999937 0.5806724730000135
3.4739999999999367 0.5804624740000135
3.4749999999999366 0.5802524750000135
3.4759999999999365 0.5800424760000136
3.4769999999999364 0.5798324770000136
3.4779999999999363 0.5796224780000137
3.478999999999936 0.5794124790000137
3.479999999999936 0.5792024800000137
3.480999999999936 0.5789924810000138
3.481999999999936 0.5787824820000134
3.4829999999999357 0.5785724830000134
3.4839999999999356 0.5783624840000134
3.4849999999999355 0.5781524850000135
3.4859999999999354 0.5779424860000135
3.4869999999999353 0.5777324870000136
3.487999999999935 0.5775224880000136
3.488999999999935 0.5773124890000136
3.489999999999935 0.5771024900000132
3.490999999999935 0.5768924910000133
3.4919999999999347 0.5766824920000133
3.4929999999999346 0.5764724930000134
3.4939999999999345 0.5762624940000134
3.4949999999999344 0.5760524950000134
3.4959999999999343 0.5758424960000135
3.496999999999934 0.5756324970000135
3.497999999999934 0.5754224980000135
3.498999999999934 0.5752124990000136
3.499999999999934 0.5750025000000136
3.5009999999999337 0.5747925010000137
3.5019999999999336 0.5745825020000137
3.5029999999999335 0.5743725030000137
3.5039999999999334 0.5741625040000138
3.5049999999999333 0.5739525050000138
3.505999999999933 0.5737425060000139
3.506999999999933 0.5735325070000139
3.507999999999933 0.5733225080000139
3.508999999999933 0.573112509000014
3.5099999999999327 0.572902510000014
3.5109999999999326 0.5726925110000141
3.5119999999999325 0.5724825120000141
3.5129999999999324 0.5722725130000141
3.5139999999999323 0.5720625140000142
3.514999999999932 0.5718525150000142
3.515999999999932 0.5716425160000143
3.516999999999932 0.5714325170000143
3.517999999999932 0.5712225180000143
3.5189999999999317 0.5710125190000144
3.5199999999999316 0.5708025200000144
3.5209999999999315 0.5705925210000145
3.5219999999999314 0.5703825220000145
3.5229999999999313 0.5701725230000145
3.523999999999931 0.5699625240000146
3.524999999999931 0.5697525250000146
3.525999999999931 0.5695425260000146
3.526999999999931 0.5693325270000147
3.5279999999999307 0.5691225280000147
3.5289999999999306 0.5689125290000148
3.5299999999999305 0.5687025300000148
3.5309999999999304 0.5684925310000148
3.5319999999999303 0.5682825320000149
3.53299999999993 0.5680725330000149
3.53399999999993 0.567862534000015
3.53499999999993 0.567652535000015
3.53599999999993 0.567442536000015
3.5369999999999298 0.5672325370000151
3.5379999999999296 0.5670225380000147
3.5389999999999295 0.5668125390000147
3.5399999999999294 0.5666025400000148
3.5409999999999293 0.5663925410000148
3.541999999999929 0.5661825420000148
3.542999999999929 0.5659725430000149
3.543999999999929 0.5657625440000145
3.544999999999929 0.5655525450000145
3.5459999999999288 0.5653425460000145
3.5469999999999287 0.5651325470000146
3.5479999999999285 0.5649225480000146
3.5489999999999284 0.5647125490000147
3.5499999999999283 0.5645025500000147
3.550999999999928 0.5642925510000147
3.551999999999928 0.5640825520000148
3.552999999999928 0.5638725530000148
3.553999999999928 0.5636625540000149
3.5549999999999278 0.5634525550000149
3.5559999999999277 0.5632425560000149
3.5569999999999276 0.563032557000015
3.5579999999999274 0.562822558000015
3.5589999999999273 0.5626125590000151
3.5599999999999272 0.5624025600000151
3.560999999999927 0.5621925610000151
3.561999999999927 0.5619825620000152
3.562999999999927 0.5617725630000152
3.563999999999927 0.5615625640000153
3.5649999999999267 0.5613525650000153
3.5659999999999266 0.5611425660000153
3.5669999999999265 0.5609325670000154
3.5679999999999263 0.5607225680000154
3.5689999999999262 0.5605125690000154
3.569999999999926 0.5603025700000155
3.570999999999926 0.5600925710000155
3.571999999999926 0.5598825720000156
3.572999999999926 0.5596725730000156
3.5739999999999257 0.5594625740000156
3.5749999999999256 0.5592525750000157
3.5759999999999255 0.5590425760000157
3.5769999999999254 0.5588325770000158
3.5779999999999252 0.5586225780000158
3.578999999999925 0.5584125790000158
3.579999999999925 0.5582025800000159
3.580999999999925 0.5579925810000159
3.581999999999925 0.557782582000016
3.5829999999999247 0.557572583000016
3.5839999999999246 0.557362584000016
3.5849999999999245 0.5571525850000161
3.5859999999999244 0.5569425860000161
3.5869999999999242 0.5567325870000162
3.587999999999924 0.5565225880000162
3.588999999999924 0.5563125890000162
3.589999999999924 0.5561025900000163
3.590999999999924 0.5558925910000163
3.5919999999999237 0.5556825920000164
3.5929999999999236 0.555472593000016
3.5939999999999235 0.555262594000016
3.5949999999999234 0.555052595000016
3.5959999999999233 0.5548425960000161
3.596999999999923 0.5546325970000161
3.597999999999923 0.5544225980000161
3.598999999999923 0.5542125990000162
3.599999999999923 0.5540026000000158
3.6009999999999227 0.5537926010000158
3.6019999999999226 0.5535826020000159
3.6029999999999225 0.5533726030000159
3.6039999999999224 0.5531626040000159
3.6049999999999223 0.552952605000016
3.605999999999922 0.552742606000016
3.606999999999922 0.552532607000016
3.607999999999922 0.5523226080000161
3.608999999999922 0.5521126090000161
3.6099999999999217 0.5519026100000162
3.6109999999999216 0.5516926110000162
3.6119999999999215 0.5514826120000162
3.6129999999999214 0.5512726130000163
3.6139999999999213 0.5510626140000163
3.614999999999921 0.5508526150000164
3.615999999999921 0.5506426160000164
3.616999999999921 0.5504326170000164
3.617999999999921 0.5502226180000165
3.6189999999999207 0.5500126190000165
3.6199999999999206 0.5498026200000166
3.6209999999999205 0.5495926210000166
3.6219999999999204 0.5493826220000166
3.6229999999999203 0.5491726230000167
3.62399999999992 0.5489626240000167
3.62499999999992 0.5487526250000168
3.62599999999992 0.5485426260000168
3.62699999999992 0.5483326270000166
3.6279999999999197 0.5481226280000167
3.6289999999999196 0.5479126290000167
3.6299999999999195 0.5477026300000167
3.6309999999999194 0.5474926310000168
3.6319999999999193 0.5472826320000168
3.632999999999919 0.5470726330000169
3.633999999999919 0.5468626340000169
3.634999999999919 0.5466526350000169
3.635999999999919 0.546442636000017
3.6369999999999187 0.546232637000017
3.6379999999999186 0.546022638000017
3.6389999999999185 0.5458126390000171
3.6399999999999184 0.5456026400000171
3.6409999999999183 0.5453926410000172
3.641999999999918 0.5451826420000172
3.642999999999918 0.5449726430000172
3.643999999999918 0.5447626440000173
3.644999999999918 0.5445526450000173
3.6459999999999178 0.5443426460000174
3.6469999999999176 0.5441326470000174
3.6479999999999175 0.5439226480000172
3.6489999999999174 0.5437126490000173
3.6499999999999173 0.5435026500000173
3.650999999999917 0.5432926510000173
3.651999999999917 0.5430826520000174
3.652999999999917 0.5428726530000174
3.653999999999917 0.5426626540000175
3.6549999999999168 0.5424526550000173
3.6559999999999166 0.5422426560000173
3.6569999999999165 0.5420326570000173
3.6579999999999164 0.5418226580000174
3.6589999999999163 0.5416126590000174
3.659999999999916 0.5414026600000175
3.660999999999916 0.5411926610000175
3.661999999999916 0.5409826620000175
3.662999999999916 0.5407726630000176
3.6639999999999158 0.5405626640000176
3.6649999999999157 0.5403526650000177
3.6659999999999155 0.5401426660000177
3.6669999999999154 0.5399326670000177
3.6679999999999153 0.5397226680000178
3.668999999999915 0.5395126690000178
3.669999999999915 0.5393026700000179
3.670999999999915 0.5390926710000179
3.671999999999915 0.5388826720000179
3.6729999999999148 0.538672673000018
3.6739999999999147 0.538462674000018
3.6749999999999146 0.5382526750000178
3.6759999999999144 0.5380426760000179
3.6769999999999143 0.5378326770000179
3.6779999999999142 0.537622678000018
3.678999999999914 0.537412679000018
3.679999999999914 0.537202680000018
3.680999999999914 0.5369926810000181
3.681999999999914 0.5367826820000179
3.6829999999999137 0.5365726830000179
3.6839999999999136 0.536362684000018
3.6849999999999135 0.536152685000018
3.6859999999999133 0.535942686000018
3.6869999999999132 0.5357326870000181
3.687999999999913 0.5355226880000181
3.688999999999913 0.5353126890000182
3.689999999999913 0.5351026900000182
3.690999999999913 0.5348926910000182
3.6919999999999127 0.5346826920000183
3.6929999999999126 0.5344726930000183
3.6939999999999125 0.5342626940000184
3.6949999999999124 0.5340526950000184
3.6959999999999122 0.5338426960000184
3.696999999999912 0.5336326970000185
3.697999999999912 0.5334226980000185
3.698999999999912 0.5332126990000186
3.699999999999912 0.5330027000000186
3.7009999999999117 0.5327927010000186
3.7019999999999116 0.5325827020000187
3.7029999999999115 0.5323727030000185
3.7039999999999114 0.5321627040000185
3.7049999999999113 0.5319527050000186
3.705999999999911 0.5317427060000186
3.706999999999911 0.5315327070000186
3.707999999999911 0.5313227080000187
3.708999999999911 0.5311127090000187
3.7099999999999107 0.5309027100000185
3.7109999999999106 0.5306927110000186
3.7119999999999105 0.5304827120000186
3.7129999999999104 0.5302727130000187
3.7139999999999103 0.5300627140000187
3.71499999999991 0.5298527150000187
3.71599999999991 0.5296427160000188
3.71699999999991 0.5294327170000188
3.71799999999991 0.5292227180000189
3.7189999999999097 0.5290127190000189
3.7199999999999096 0.5288027200000189
3.7209999999999095 0.528592721000019
3.7219999999999094 0.528382722000019
3.7229999999999093 0.528172723000019
3.723999999999909 0.5279627240000191
3.724999999999909 0.5277527250000191
3.725999999999909 0.5275427260000192
3.726999999999909 0.5273327270000192
3.7279999999999087 0.5271227280000192
3.7289999999999086 0.5269127290000193
3.7299999999999085 0.5267027300000191
3.7309999999999084 0.5264927310000191
3.7319999999999083 0.5262827320000192
3.732999999999908 0.5260727330000192
3.733999999999908 0.5258627340000193
3.734999999999908 0.5256527350000193
3.735999999999908 0.5254427360000193
3.7369999999999077 0.5252327370000192
3.7379999999999076 0.5250227380000192
3.7389999999999075 0.5248127390000192
3.7399999999999074 0.5246027400000193
3.7409999999999073 0.5243927410000193
3.741999999999907 0.5241827420000194
3.742999999999907 0.5239727430000194
3.743999999999907 0.5237627440000194
3.744999999999907 0.5235527450000195
3.7459999999999067 0.5233427460000195
3.7469999999999066 0.5231327470000195
3.7479999999999065 0.5229227480000196
3.7489999999999064 0.5227127490000196
3.7499999999999063 0.5225027500000197
3.750999999999906 0.5222927510000197
3.751999999999906 0.5220827520000197
3.752999999999906 0.5218727530000198
3.753999999999906 0.5216627540000198
3.7549999999999057 0.5214527550000199
3.7559999999999056 0.5212427560000199
3.7569999999999055 0.5210327570000199
3.7579999999999054 0.5208227580000198
3.7589999999999053 0.5206127590000198
3.759999999999905 0.5204027600000198
3.760999999999905 0.5201927610000199
3.761999999999905 0.5199827620000199
3.762999999999905 0.51977276300002
3.7639999999999048 0.51956276400002
3.7649999999999046 0.5193527650000198
3.7659999999999045 0.5191427660000199
3.7669999999999044 0.5189327670000199
3.7679999999999043 0.5187227680000199
3.768999999999904 0.51851276900002
3.769999999999904 0.51830277000002
3.770999999999904 0.51809277100002
3.771999999999904 0.5178827720000201
3.7729999999999038 0.5176727730000201
3.7739999999999037 0.5174627740000202
3.7749999999999035 0.5172527750000202
3.7759999999999034 0.5170427760000202
3.7769999999999033 0.5168327770000203
3.777999999999903 0.5166227780000203
3.778999999999903 0.5164127790000204
3.779999999999903 0.5162027800000204
3.780999999999903 0.5159927810000204
3.7819999999999028 0.5157827820000205
3.7829999999999027 0.5155727830000205
3.7839999999999026 0.5153627840000206
3.7849999999999024 0.5151527850000204
3.7859999999999023 0.5149427860000204
3.7869999999999022 0.5147327870000205
3.787999999999902 0.5145227880000205
3.788999999999902 0.5143127890000205
3.789999999999902 0.5141027900000206
3.790999999999902 0.5138927910000206
3.7919999999999017 0.5136827920000204
3.7929999999999016 0.5134727930000205
3.7939999999999015 0.5132627940000205
3.7949999999999013 0.5130527950000205
3.7959999999999012 0.5128427960000206
3.796999999999901 0.5126327970000206
3.797999999999901 0.5124227980000207
3.798999999999901 0.5122127990000207
3.799999999999901 0.5120028000000207
3.8009999999999007 0.5117928010000208
3.8019999999999006 0.5115828020000208
3.8029999999999005 0.5113728030000209
3.8039999999999003 0.5111628040000209
3.8049999999999002 0.5109528050000209
3.8059999999999 0.510742806000021
3.8069999999999 0.510532807000021
3.8079999999999 0.510322808000021
3.8089999999999 0.5101128090000211
3.8099999999998997 0.5099028100000211
3.8109999999998996 0.5096928110000212
3.8119999999998995 0.5094828120000212
3.8129999999998994 0.509272813000021
3.8139999999998992 0.5090628140000211
3.814999999999899 0.5088528150000211
3.815999999999899 0.5086428160000211
3.816999999999899 0.5084328170000212
3.817999999999899 0.5082228180000212
3.8189999999998987 0.5080128190000213
3.8199999999998986 0.5078028200000211
3.8209999999998985 0.5075928210000211
3.8219999999998984 0.5073828220000212
3.8229999999998983 0.5071728230000212
3.823999999999898 0.5069628240000212
3.824999999999898 0.5067528250000213
3.825999999999898 0.5065428260000213
3.826999999999898 0.5063328270000214
3.8279999999998977 0.5061228280000214
3.8289999999998976 0.5059128290000214
3.8299999999998975 0.5057028300000215
3.8309999999998974 0.5054928310000215
3.8319999999998973 0.5052828320000216
3.832999999999897 0.5050728330000216
3.833999999999897 0.5048628340000216
3.834999999999897 0.5046528350000217
3.835999999999897 0.5044428360000217
3.8369999999998967 0.5042328370000217
3.8379999999998966 0.5040228380000218
3.8389999999998965 0.5038128390000218
3.8399999999998964 0.5036028400000219
3.8409999999998963 0.5033928410000217
3.841999999999896 0.5031828420000217
3.842999999999896 0.5029728430000218
3.843999999999896 0.5027628440000218
3.844999999999896 0.5025528450000218
3.8459999999998957 0.5023428460000219
3.8469999999998956 0.5021328470000217
3.8479999999998955 0.5019228480000217
3.8489999999998954 0.5017128490000218
3.8499999999998953 0.5015028500000218
3.850999999999895 0.5012928510000219
3.851999999999895 0.5010828520000219
3.852999999999895 0.5008728530000219
3.853999999999895 0.500662854000022
3.8549999999998947 0.500452855000022
3.8559999999998946 0.500242856000022
3.8569999999998945 0.5000328570000221
3.8579999999998944 0.49982285800002213
3.8589999999998943 0.49961285900002217
3.859999999999894 0.4994028600000222
3.860999999999894 0.49919286100002225
3.861999999999894 0.4989828620000223
3.862999999999894 0.4987728630000223
3.8639999999998937 0.49856286400002237
3.8649999999998936 0.4983528650000224
3.8659999999998935 0.49814286600002244
3.8669999999998934 0.4979328670000225
3.8679999999998933 0.4977228680000223
3.868999999999893 0.49751286900002234
3.869999999999893 0.4973028700000224
3.870999999999893 0.4970928710000224
3.871999999999893 0.49688287200002246
3.8729999999998928 0.4966728730000225
3.8739999999998926 0.49646287400002254
3.8749999999998925 0.49625287500002235
3.8759999999998924 0.4960428760000224
3.8769999999998923 0.49583287700002243
3.877999999999892 0.49562287800002247
3.878999999999892 0.4954128790000225
3.879999999999892 0.49520288000002255
3.880999999999892 0.4949928810000226
3.8819999999998918 0.49478288200002263
3.8829999999998916 0.49457288300002267
3.8839999999998915 0.4943628840000227
3.8849999999998914 0.49415288500002275
3.8859999999998913 0.4939428860000228
3.886999999999891 0.4937328870000228
3.887999999999891 0.49352288800002286
3.888999999999891 0.4933128890000229
3.889999999999891 0.49310289000002294
3.8909999999998908 0.492892891000023
3.8919999999998907 0.492682892000023
3.8929999999998905 0.49247289300002306
3.8939999999998904 0.4922628940000231
3.8949999999998903 0.49205289500002314
3.89599999999989 0.49184289600002296
3.89699999999989 0.491632897000023
3.89799999999989 0.49142289800002303
3.89899999999989 0.4912128990000231
3.8999999999998898 0.4910029000000231
3.9009999999998897 0.49079290100002315
3.9019999999998896 0.4905829020000232
3.9029999999998894 0.490372903000023
3.9039999999998893 0.49016290400002305
3.9049999999998892 0.4899529050000231
3.905999999999889 0.4897429060000231
3.906999999999889 0.48953290700002317
3.907999999999889 0.4893229080000232
3.908999999999889 0.48911290900002324
3.9099999999998887 0.4889029100000233
3.9109999999998886 0.4886929110000233
3.9119999999998885 0.48848291200002336
3.9129999999998883 0.4882729130000234
3.9139999999998882 0.48806291400002344
3.914999999999888 0.4878529150000235
3.915999999999888 0.4876429160000235
3.916999999999888 0.48743291700002356
3.917999999999888 0.4872229180000236
3.9189999999998877 0.48701291900002364
3.9199999999998876 0.4868029200000237
3.9209999999998875 0.4865929210000237
3.9219999999998874 0.48638292200002375
3.9229999999998872 0.48617292300002357
3.923999999999887 0.4859629240000236
3.924999999999887 0.48575292500002365
3.925999999999887 0.4855429260000237
3.926999999999887 0.48533292700002373
3.9279999999998867 0.48512292800002377
3.9289999999998866 0.4849129290000238
3.9299999999998865 0.4847029300000236
3.9309999999998864 0.48449293100002366
3.9319999999998863 0.4842829320000237
3.932999999999886 0.48407293300002374
3.933999999999886 0.4838629340000238
3.934999999999886 0.4836529350000238
3.935999999999886 0.48344293600002386
3.9369999999998857 0.4832329370000239
3.9379999999998856 0.48302293800002394
3.9389999999998855 0.482812939000024
3.9399999999998854 0.482602940000024
3.9409999999998853 0.48239294100002406
3.941999999999885 0.4821829420000241
3.942999999999885 0.48197294300002413
3.943999999999885 0.4817629440000242
3.944999999999885 0.4815529450000242
3.9459999999998847 0.48134294600002425
3.9469999999998846 0.4811329470000243
3.9479999999998845 0.48092294800002433
3.9489999999998844 0.48071294900002437
3.9499999999998843 0.4805029500000244
3.950999999999884 0.4802929510000242
3.951999999999884 0.48008295200002427
3.952999999999884 0.4798729530000243
3.953999999999884 0.47966295400002434
3.9549999999998837 0.4794529550000244
3.9559999999998836 0.4792429560000244
3.9569999999998835 0.47903295700002446
3.9579999999998834 0.4788229580000243
3.9589999999998833 0.4786129590000243
3.959999999999883 0.47840296000002436
3.960999999999883 0.4781929610000244
3.961999999999883 0.47798296200002444
3.962999999999883 0.4777729630000245
3.9639999999998827 0.4775629640000245
3.9649999999998826 0.47735296500002455
3.9659999999998825 0.4771429660000246
3.9669999999998824 0.47693296700002463
3.9679999999998823 0.47672296800002467
3.968999999999882 0.4765129690000247
3.969999999999882 0.47630297000002475
3.970999999999882 0.4760929710000248
3.971999999999882 0.47588297200002483
3.9729999999998817 0.47567297300002487
3.9739999999998816 0.4754629740000249
3.9749999999998815 0.47525297500002495
3.9759999999998814 0.475042976000025
3.9769999999998813 0.4748329770000248
3.977999999999881 0.47462297800002484
3.978999999999881 0.4744129790000249
3.979999999999881 0.4742029800000249
3.980999999999881 0.47399298100002496
3.9819999999998807 0.473782982000025
3.9829999999998806 0.47357298300002504
3.9839999999998805 0.4733629840000251
3.9849999999998804 0.4731529850000249
3.9859999999998803 0.47294298600002493
3.98699999999988 0.472732987000025
3.98799999999988 0.472522988000025
3.98899999999988 0.47231298900002505
3.98999999999988 0.4721029900000251
3.9909999999998798 0.47189299100002513
3.9919999999998796 0.47168299200002517
3.9929999999998795 0.4714729930000252
3.9939999999998794 0.47126299400002525
3.9949999999998793 0.4710529950000253
3.995999999999879 0.4708429960000253
3.996999999999879 0.47063299700002537
3.997999999999879 0.4704229980000254
3.998999999999879 0.47021299900002544
3.9999999999998788 0.4700030000000255
