2.9 0.31001900000000004
2.901 0.31010909098999995
2.9019999999999997 0.31019938195999996
2.9029999999999996 0.3102898729099999
2.9039999999999995 0.3103805638399999
2.9049999999999994 0.3104714547499998
2.9059999999999993 0.31056254563999985
2.906999999999999 0.31065383651
2.907999999999999 0.31074532736000005
2.908999999999999 0.31083701818999976
2.909999999999999 0.3109289089999998
2.9109999999999987 0.31102099979
2.9119999999999986 0.3111132905599998
2.9129999999999985 0.31120578130999976
2.9139999999999984 0.3112984720399996
2.9149999999999983 0.3113913627499998
2.915999999999998 0.31148445343999986
2.916999999999998 0.31157774410999983
2.917999999999998 0.3116712347599999
2.918999999999998 0.31176492538999967
2.9199999999999977 0.31185881599999976
2.9209999999999976 0.31195290658999975
2.9219999999999975 0.31204719715999985
2.9229999999999974 0.31214168770999984
2.9239999999999973 0.3122363782399997
2.924999999999997 0.3123312687499997
2.925999999999997 0.3124263592399996
2.926999999999997 0.3125216497099996
2.927999999999997 0.31261714015999953
2.9289999999999967 0.31271283058999977
2.9299999999999966 0.3128087209999997
2.9309999999999965 0.3129048113899995
2.9319999999999964 0.3130011017599996
2.9329999999999963 0.31309759210999966
2.933999999999996 0.3131942824399996
2.934999999999996 0.3132911727499996
2.935999999999996 0.31338826303999956
2.936999999999996 0.3134855533099996
2.9379999999999957 0.31358304355999955
2.9389999999999956 0.3136807337899994
2.9399999999999955 0.31377862399999956
2.9409999999999954 0.31387671418999963
2.9419999999999953 0.31397500435999937
2.942999999999995 0.31407349450999944
2.943999999999995 0.31417218463999963
2.944999999999995 0.3142710747499995
2.945999999999995 0.31437016483999947
2.9469999999999947 0.31446945490999934
2.9479999999999946 0.31456894495999954
2.9489999999999945 0.3146686349899994
2.9499999999999944 0.3147685249999994
2.9509999999999943 0.3148686149899995
2.951999999999994 0.3149689049599995
2.952999999999994 0.3150693949099994
2.953999999999994 0.3151700848399992
2.954999999999994 0.31527097474999954
2.9559999999999937 0.31537206463999934
2.9569999999999936 0.31547335450999925
2.9579999999999935 0.3155748443599995
2.9589999999999934 0.3156765341899994
2.9599999999999933 0.3157784239999992
2.960999999999993 0.31588051378999915
2.961999999999993 0.3159828035599994
2.962999999999993 0.31608529330999935
2.963999999999993 0.3161879830399992
2.9649999999999928 0.3162908727499991
2.9659999999999926 0.3163939624399992
2.9669999999999925 0.3164972521099991
2.9679999999999924 0.3166007417599992
2.9689999999999923 0.31670443138999915
2.969999999999992 0.3168083209999992
2.970999999999992 0.3169124105899992
2.971999999999992 0.31701670015999905
2.972999999999992 0.31712118970999925
2.9739999999999918 0.3172258792399991
2.9749999999999917 0.3173307687499991
2.9759999999999915 0.317435858239999
2.9769999999999914 0.3175411477099992
2.9779999999999913 0.3176466371599991
2.978999999999991 0.31775232658999886
2.979999999999991 0.3178582159999992
2.980999999999991 0.317964305389999
2.981999999999991 0.3180705947599989
2.9829999999999908 0.3181770841099989
2.9839999999999907 0.31828377343999903
2.9849999999999905 0.31839066274999905
2.9859999999999904 0.31849775203999897
2.9869999999999903 0.3186050413099988
2.98799999999999 0.31871253055999893
2.98899999999999 0.31882021978999897
2.98999999999999 0.3189281089999989
2.99099999999999 0.31903619818999895
2.99199999999999 0.3191444873599989
2.9929999999999897 0.31925297650999895
2.9939999999999896 0.3193616656399987
2.9949999999999894 0.31947055474999897
2.9959999999999893 0.31957964383999893
2.9969999999999892 0.3196889329099988
2.997999999999989 0.31979842195999875
2.998999999999989 0.31990811098999883
2.999999999999989 0.3200179999999988
3.000999999999989 0.32020799899999774
3.0019999999999887 0.3204179979999977
3.0029999999999886 0.32062799699999767
3.0039999999999885 0.3208379959999976
3.0049999999999883 0.3210479949999976
3.0059999999999882 0.32125799399999755
3.006999999999988 0.3214679929999975
3.007999999999988 0.32167799199999747
3.008999999999988 0.32188799099999743
3.009999999999988 0.3220979899999974
3.0109999999999877 0.32230798899999735
3.0119999999999876 0.3225179879999973
3.0129999999999875 0.3227279869999973
3.0139999999999874 0.3229379859999977
3.0149999999999872 0.32314798499999764
3.015999999999987 0.3233579839999976
3.016999999999987 0.32356798299999756
3.017999999999987 0.3237779819999975
3.018999999999987 0.3239879809999975
3.0199999999999867 0.32419797999999744
3.0209999999999866 0.3244079789999974
3.0219999999999865 0.32461797799999736
3.0229999999999864 0.3248279769999973
3.0239999999999863 0.3250379759999973
3.024999999999986 0.32524797499999725
3.025999999999986 0.3254579739999972
3.026999999999986 0.32566797299999717
3.027999999999986 0.32587797199999713
3.0289999999999857 0.3260879709999971
3.0299999999999856 0.32629796999999705
3.0309999999999855 0.326507968999997
3.0319999999999854 0.32671796799999697
3.0329999999999853 0.32692796699999693
3.033999999999985 0.3271379659999969
3.034999999999985 0.32734796499999685
3.035999999999985 0.3275579639999968
3.036999999999985 0.3277679629999968
3.0379999999999847 0.32797796199999674
3.0389999999999846 0.3281879609999967
3.0399999999999845 0.32839795999999666
3.0409999999999844 0.3286079589999966
3.0419999999999843 0.3288179579999966
3.042999999999984 0.32902795699999654
3.043999999999984 0.3292379559999965
3.044999999999984 0.32944795499999646
3.045999999999984 0.3296579539999964
3.0469999999999837 0.3298679529999964
3.0479999999999836 0.3300779519999968
3.0489999999999835 0.33028795099999675
3.0499999999999834 0.3304979499999967
3.0509999999999833 0.33070794899999667
3.051999999999983 0.33091794799999663
3.052999999999983 0.3311279469999966
3.053999999999983 0.33133794599999655
3.054999999999983 0.3315479449999965
3.0559999999999827 0.3317579439999965
3.0569999999999826 0.33196794299999643
3.0579999999999825 0.3321779419999964
3.0589999999999824 0.33238794099999636
3.0599999999999823 0.3325979399999963
3.060999999999982 0.3328079389999963
3.061999999999982 0.33301793799999624
3.062999999999982 0.3332279369999962
3.063999999999982 0.33343793599999616
3.0649999999999817 0.3336479349999961
3.0659999999999816 0.3338579339999961
3.0669999999999815 0.33406793299999604
3.0679999999999814 0.334277931999996
3.0689999999999813 0.3344879309999964
3.069999999999981 0.33469792999999637
3.070999999999981 0.33490792899999633
3.071999999999981 0.3351179279999963
3.072999999999981 0.33532792699999625
3.0739999999999807 0.3355379259999962
3.0749999999999806 0.3357479249999962
3.0759999999999805 0.33595792399999613
3.0769999999999804 0.3361679229999961
3.0779999999999803 0.33637792199999605
3.07899999999998 0.336587920999996
3.07999999999998 0.336797919999996
3.08099999999998 0.33700791899999594
3.08199999999998 0.3372179179999959
3.0829999999999798 0.33742791699999586
3.0839999999999796 0.3376379159999958
3.0849999999999795 0.3378479149999958
3.0859999999999794 0.33805791399999574
3.0869999999999793 0.3382679129999957
3.087999999999979 0.33847791199999566
3.088999999999979 0.3386879109999956
3.089999999999979 0.3388979099999956
3.090999999999979 0.33910790899999554
3.0919999999999788 0.3393179079999955
3.0929999999999787 0.33952790699999547
3.0939999999999785 0.3397379059999954
3.0949999999999784 0.3399479049999954
3.0959999999999783 0.34015790399999535
3.096999999999978 0.3403679029999953
3.097999999999978 0.34057790199999527
3.098999999999978 0.34078790099999523
3.099999999999978 0.3409978999999952
3.1009999999999778 0.34120789899999515
3.1019999999999777 0.3414178979999951
3.1029999999999776 0.3416278969999955
3.1039999999999774 0.3418378959999955
3.1049999999999773 0.34204789499999544
3.1059999999999772 0.3422578939999954
3.106999999999977 0.34246789299999536
3.107999999999977 0.3426778919999953
3.108999999999977 0.3428878909999953
3.109999999999977 0.34309788999999524
3.1109999999999767 0.3433078889999952
3.1119999999999766 0.34351788799999516
3.1129999999999765 0.3437278869999951
3.1139999999999763 0.3439378859999951
3.1149999999999762 0.34414788499999505
3.115999999999976 0.344357883999995
3.116999999999976 0.34456788299999497
3.117999999999976 0.34477788199999493
3.118999999999976 0.3449878809999949
3.1199999999999757 0.34519787999999485
3.1209999999999756 0.3454078789999948
3.1219999999999755 0.34561787799999477
3.1229999999999754 0.34582787699999473
3.1239999999999752 0.34603787599999514
3.124999999999975 0.3462478749999951
3.125999999999975 0.34645787399999506
3.126999999999975 0.346667872999995
3.127999999999975 0.346877871999995
3.1289999999999747 0.34708787099999494
3.1299999999999746 0.3472978699999949
3.1309999999999745 0.34750786899999486
3.1319999999999744 0.3477178679999948
3.1329999999999742 0.3479278669999948
3.133999999999974 0.34813786599999474
3.134999999999974 0.3483478649999947
3.135999999999974 0.34855786399999467
3.136999999999974 0.3487678629999946
3.1379999999999737 0.3489778619999946
3.1389999999999736 0.34918786099999455
3.1399999999999735 0.3493978599999945
3.1409999999999734 0.34960785899999447
3.1419999999999733 0.34981785799999443
3.142999999999973 0.3500278569999944
3.143999999999973 0.35023785599999435
3.144999999999973 0.3504478549999943
3.145999999999973 0.3506578539999943
3.1469999999999727 0.35086785299999423
3.1479999999999726 0.3510778519999942
3.1489999999999725 0.35128785099999416
3.1499999999999724 0.3514978499999941
3.1509999999999723 0.3517078489999941
3.151999999999972 0.35191784799999404
3.152999999999972 0.352127846999994
3.153999999999972 0.35233784599999396
3.154999999999972 0.3525478449999939
3.1559999999999717 0.3527578439999939
3.1569999999999716 0.35296784299999384
3.1579999999999715 0.35317784199999425
3.1589999999999714 0.3533878409999942
3.1599999999999713 0.35359783999999417
3.160999999999971 0.35380783899999413
3.161999999999971 0.3540178379999941
3.162999999999971 0.35422783699999405
3.163999999999971 0.354437835999994
3.1649999999999707 0.35464783499999397
3.1659999999999706 0.35485783399999393
3.1669999999999705 0.3550678329999939
3.1679999999999704 0.35527783199999385
3.1689999999999703 0.3554878309999938
3.16999999999997 0.3556978299999938
3.17099999999997 0.35590782899999374
3.17199999999997 0.3561178279999937
3.17299999999997 0.35632782699999366
3.1739999999999697 0.3565378259999936
3.1749999999999696 0.3567478249999936
3.1759999999999695 0.35695782399999354
3.1769999999999694 0.3571678229999935
3.1779999999999693 0.35737782199999346
3.178999999999969 0.35758782099999387
3.179999999999969 0.3577978199999938
3.180999999999969 0.3580078189999938
3.181999999999969 0.35821781799999375
3.1829999999999687 0.3584278169999937
3.1839999999999686 0.35863781599999367
3.1849999999999685 0.35884781499999363
3.1859999999999684 0.3590578139999936
3.1869999999999683 0.35926781299999355
3.187999999999968 0.3594778119999935
3.188999999999968 0.3596878109999935
3.189999999999968 0.35989780999999343
3.190999999999968 0.3601078089999934
3.1919999999999678 0.36031780799999336
3.1929999999999676 0.3605278069999933
3.1939999999999675 0.3607378059999933
3.1949999999999674 0.36094780499999324
3.1959999999999673 0.3611578039999932
3.196999999999967 0.36136780299999316
3.197999999999967 0.3615778019999931
3.198999999999967 0.3617878009999931
3.199999999999967 0.36199779999999304
3.2009999999999668 0.362207798999993
3.2019999999999667 0.36241779799999296
3.2029999999999665 0.3626277969999929
3.2039999999999664 0.3628377959999929
3.2049999999999663 0.36304779499999285
3.205999999999966 0.3632577939999928
3.206999999999966 0.36346779299999277
3.207999999999966 0.36367779199999273
3.208999999999966 0.3638877909999927
3.2099999999999658 0.36409778999999265
3.2109999999999657 0.3643077889999926
3.2119999999999655 0.36451778799999257
3.2129999999999654 0.364727786999993
3.2139999999999653 0.36493778599999294
3.214999999999965 0.3651477849999929
3.215999999999965 0.36535778399999286
3.216999999999965 0.3655677829999928
3.217999999999965 0.3657777819999928
3.218999999999965 0.36598778099999274
3.2199999999999647 0.3661977799999927
3.2209999999999646 0.36640777899999266
3.2219999999999644 0.3666177779999926
3.2229999999999643 0.3668277769999926
3.2239999999999642 0.36703777599999254
3.224999999999964 0.3672477749999925
3.225999999999964 0.36745777399999247
3.226999999999964 0.3676677729999924
3.227999999999964 0.3678777719999924
3.2289999999999637 0.36808777099999235
3.2299999999999636 0.3682977699999923
3.2309999999999635 0.36850776899999227
3.2319999999999633 0.36871776799999223
3.2329999999999632 0.3689277669999922
3.233999999999963 0.3691377659999926
3.234999999999963 0.36934776499999256
3.235999999999963 0.3695577639999925
3.236999999999963 0.3697677629999925
3.2379999999999627 0.36997776199999244
3.2389999999999626 0.3701877609999924
3.2399999999999625 0.37039775999999236
3.2409999999999624 0.3706077589999923
3.2419999999999622 0.3708177579999923
3.242999999999962 0.37102775699999224
3.243999999999962 0.3712377559999922
3.244999999999962 0.37144775499999216
3.245999999999962 0.3716577539999921
3.2469999999999617 0.3718677529999921
3.2479999999999616 0.37207775199999205
3.2489999999999615 0.372287750999992
3.2499999999999614 0.37249774999999197
3.2509999999999613 0.37270774899999193
3.251999999999961 0.3729177479999919
3.252999999999961 0.37312774699999185
3.253999999999961 0.3733377459999918
3.254999999999961 0.37354774499999177
3.2559999999999607 0.37375774399999173
3.2569999999999606 0.3739677429999917
3.2579999999999605 0.37417774199999165
3.2589999999999604 0.3743877409999916
3.2599999999999603 0.3745977399999916
3.26099999999996 0.37480773899999154
3.26199999999996 0.3750177379999915
3.26299999999996 0.37522773699999146
3.26399999999996 0.3754377359999914
3.2649999999999597 0.3756477349999914
3.2659999999999596 0.37585773399999134
3.2669999999999595 0.3760677329999913
3.2679999999999594 0.3762777319999917
3.2689999999999593 0.37648773099999167
3.269999999999959 0.3766977299999916
3.270999999999959 0.3769077289999916
3.271999999999959 0.37711772799999155
3.272999999999959 0.3773277269999915
3.2739999999999587 0.37753772599999147
3.2749999999999586 0.37774772499999143
3.2759999999999585 0.3779577239999914
3.2769999999999584 0.37816772299999135
3.2779999999999583 0.3783777219999913
3.278999999999958 0.3785877209999913
3.279999999999958 0.37879771999999123
3.280999999999958 0.3790077189999912
3.281999999999958 0.37921771799999116
3.2829999999999577 0.3794277169999911
3.2839999999999576 0.3796377159999911
3.2849999999999575 0.37984771499999104
3.2859999999999574 0.380057713999991
3.2869999999999573 0.38026771299999096
3.287999999999957 0.3804777119999909
3.288999999999957 0.3806877109999913
3.289999999999957 0.3808977099999913
3.290999999999957 0.38110770899999125
3.2919999999999567 0.3813177079999912
3.2929999999999566 0.38152770699999117
3.2939999999999565 0.38173770599999113
3.2949999999999564 0.3819477049999911
3.2959999999999563 0.38215770399999105
3.296999999999956 0.382367702999991
3.297999999999956 0.38257770199999097
3.298999999999956 0.38278770099999093
3.299999999999956 0.3829976999999909
3.3009999999999557 0.38320769899999085
3.3019999999999556 0.3834176979999908
3.3029999999999555 0.3836276969999908
3.3039999999999554 0.38383769599999074
3.3049999999999553 0.3840476949999907
3.305999999999955 0.38425769399999066
3.306999999999955 0.3844676929999906
3.307999999999955 0.3846776919999906
3.308999999999955 0.38488769099999054
3.3099999999999548 0.3850976899999905
3.3109999999999546 0.38530768899999046
3.3119999999999545 0.3855176879999904
3.3129999999999544 0.3857276869999904
3.3139999999999543 0.38593768599999034
3.314999999999954 0.3861476849999903
3.315999999999954 0.38635768399999026
3.316999999999954 0.3865676829999902
3.317999999999954 0.3867776819999902
3.3189999999999538 0.38698768099999015
3.3199999999999537 0.3871976799999901
3.3209999999999535 0.38740767899999007
3.3219999999999534 0.38761767799999003
3.3229999999999533 0.38782767699999043
3.323999999999953 0.3880376759999904
3.324999999999953 0.38824767499999036
3.325999999999953 0.3884576739999903
3.326999999999953 0.3886676729999903
3.3279999999999528 0.38887767199999024
3.3289999999999527 0.3890876709999902
3.3299999999999526 0.38929766999999016
3.3309999999999524 0.3895076689999901
3.3319999999999523 0.3897176679999901
3.3329999999999522 0.38992766699999004
3.333999999999952 0.39013766599999
3.334999999999952 0.39034766499998996
3.335999999999952 0.3905576639999899
3.336999999999952 0.3907676629999899
3.3379999999999517 0.39097766199998985
3.3389999999999516 0.3911876609999898
3.3399999999999515 0.39139765999998977
3.3409999999999513 0.3916076589999897
3.3419999999999512 0.3918176579999897
3.342999999999951 0.39202765699998965
3.343999999999951 0.39223765599999005
3.344999999999951 0.39244765499999
3.345999999999951 0.39265765399999
3.3469999999999507 0.39286765299998994
3.3479999999999506 0.3930776519999899
3.3489999999999505 0.39328765099998986
3.3499999999999504 0.3934976499999898
3.3509999999999502 0.3937076489999898
3.35199999999995 0.39391764799998974
3.35299999999995 0.3941276469999897
3.35399999999995 0.39433764599998966
3.35499999999995 0.3945476449999896
3.3559999999999497 0.3947576439999896
3.3569999999999496 0.39496764299998954
3.3579999999999495 0.3951776419999895
3.3589999999999494 0.39538764099998946
3.3599999999999492 0.3955976399999894
3.360999999999949 0.3958076389999894
3.361999999999949 0.39601763799998935
3.362999999999949 0.3962276369999893
3.363999999999949 0.39643763599998927
3.3649999999999487 0.39664763499998923
3.3659999999999486 0.3968576339999892
3.3669999999999485 0.39706763299998915
3.3679999999999484 0.3972776319999891
3.3689999999999483 0.39748763099998907
3.369999999999948 0.39769762999998903
3.370999999999948 0.397907628999989
3.371999999999948 0.39811762799998895
3.372999999999948 0.3983276269999889
3.3739999999999477 0.3985376259999889
3.3749999999999476 0.39874762499998884
3.3759999999999475 0.3989576239999888
3.3769999999999474 0.39916762299998876
3.3779999999999473 0.39937762199998916
3.378999999999947 0.3995876209999891
3.379999999999947 0.3997976199999891
3.380999999999947 0.40000761899998905
3.381999999999947 0.400217617999989
3.3829999999999467 0.40042761699998897
3.3839999999999466 0.4006376159999889
3.3849999999999465 0.4008476149999889
3.3859999999999464 0.40105761399998885
3.3869999999999463 0.4012676129999888
3.387999999999946 0.40147761199998877
3.388999999999946 0.40168761099998873
3.389999999999946 0.4018976099999887
3.390999999999946 0.40210760899998865
3.3919999999999457 0.4023176079999886
3.3929999999999456 0.4025276069999886
3.3939999999999455 0.40273760599998853
3.3949999999999454 0.4029476049999885
3.3959999999999453 0.40315760399998846
3.396999999999945 0.4033676029999884
3.397999999999945 0.4035776019999884
3.398999999999945 0.4037876009999888
3.399999999999945 0.40399759999998874
3.4009999999999447 0.4042075989999887
3.4019999999999446 0.40441759799998866
3.4029999999999445 0.4046275969999886
3.4039999999999444 0.4048375959999886
3.4049999999999443 0.40504759499998855
3.405999999999944 0.4052575939999885
3.406999999999944 0.40546759299998847
3.407999999999944 0.40567759199998843
3.408999999999944 0.4058875909999884
3.4099999999999437 0.40609758999998835
3.4109999999999436 0.4063075889999883
3.4119999999999435 0.4065175879999883
3.4129999999999434 0.40672758699998823
3.4139999999999433 0.4069375859999882
3.414999999999943 0.40714758499998815
3.415999999999943 0.4073575839999881
3.416999999999943 0.4075675829999881
3.417999999999943 0.40777758199998804
3.4189999999999428 0.407987580999988
3.4199999999999426 0.40819757999998796
3.4209999999999425 0.4084075789999879
3.4219999999999424 0.4086175779999879
3.4229999999999423 0.40882757699998784
3.423999999999942 0.4090375759999878
3.424999999999942 0.40924757499998776
3.425999999999942 0.4094575739999877
3.426999999999942 0.4096675729999877
3.4279999999999418 0.40987757199998764
3.4289999999999417 0.4100875709999876
3.4299999999999415 0.41029756999998757
3.4309999999999414 0.4105075689999875
3.4319999999999413 0.4107175679999875
3.432999999999941 0.4109275669999879
3.433999999999941 0.41113756599998785
3.434999999999941 0.4113475649999878
3.435999999999941 0.4115575639999878
3.4369999999999408 0.41176756299998774
3.4379999999999407 0.4119775619999877
3.4389999999999405 0.41218756099998766
3.4399999999999404 0.4123975599999876
3.4409999999999403 0.4126075589999876
3.44199999999994 0.41281755799998754
3.44299999999994 0.4130275569999875
3.44399999999994 0.41323755599998746
3.44499999999994 0.4134475549999874
3.4459999999999398 0.4136575539999874
3.4469999999999397 0.41386755299998734
3.4479999999999396 0.4140775519999873
3.4489999999999394 0.41428755099998726
3.4499999999999393 0.4144975499999872
3.4509999999999392 0.4147075489999872
3.451999999999939 0.41491754799998715
3.452999999999939 0.4151275469999871
3.453999999999939 0.4153375459999875
3.454999999999939 0.4155475449999875
3.4559999999999387 0.41575754399998743
3.4569999999999386 0.4159675429999874
3.4579999999999385 0.41617754199998735
3.4589999999999383 0.4163875409999873
3.4599999999999382 0.4165975399999873
3.460999999999938 0.41680753899998724
3.461999999999938 0.4170175379999872
3.462999999999938 0.41722753699998716
3.463999999999938 0.4174375359999871
3.4649999999999377 0.4176475349999871
3.4659999999999376 0.41785753399998704
3.4669999999999375 0.418067532999987
3.4679999999999374 0.41827753199998696
3.4689999999999372 0.4184875309999869
3.469999999999937 0.4186975299999869
3.470999999999937 0.41890752899998684
3.471999999999937 0.4191175279999868
3.472999999999937 0.41932752699998677
3.4739999999999367 0.4195375259999867
3.4749999999999366 0.4197475249999867
3.4759999999999365 0.41995752399998665
3.4769999999999364 0.4201675229999866
3.4779999999999363 0.42037752199998657
3.478999999999936 0.42058752099998653
3.479999999999936 0.4207975199999865
3.480999999999936 0.42100751899998645
3.481999999999936 0.4212175179999864
3.4829999999999357 0.4214275169999864
3.4839999999999356 0.42163751599998633
3.4849999999999355 0.4218475149999863
3.4859999999999354 0.42205751399998626
3.4869999999999353 0.4222675129999862
3.487999999999935 0.4224775119999862
3.488999999999935 0.4226875109999866
3.489999999999935 0.42289750999998654
3.490999999999935 0.4231075089999865
3.4919999999999347 0.42331750799998646
3.4929999999999346 0.4235275069999864
3.4939999999999345 0.4237375059999864
3.4949999999999344 0.42394750499998635
3.4959999999999343 0.4241575039999863
3.496999999999934 0.42436750299998627
3.497999999999934 0.42457750199998623
3.498999999999934 0.4247875009999862
3.499999999999934 0.42499749999998615
3.5009999999999337 0.4252074989999861
3.5019999999999336 0.42541749799998607
3.5029999999999335 0.42562749699998603
3.5039999999999334 0.425837495999986
3.5049999999999333 0.42604749499998595
3.505999999999933 0.4262574939999859
3.506999999999933 0.4264674929999859
3.507999999999933 0.42667749199998584
3.508999999999933 0.42688749099998624
3.5099999999999327 0.4270974899999862
3.5109999999999326 0.42730748899998616
3.5119999999999325 0.4275174879999861
3.5129999999999324 0.4277274869999861
3.5139999999999323 0.42793748599998604
3.514999999999932 0.428147484999986
3.515999999999932 0.42835748399998597
3.516999999999932 0.4285674829999859
3.517999999999932 0.4287774819999859
3.5189999999999317 0.42898748099998585
3.5199999999999316 0.4291974799999858
3.5209999999999315 0.42940747899998577
3.5219999999999314 0.42961747799998573
3.5229999999999313 0.4298274769999857
3.523999999999931 0.43003747599998565
3.524999999999931 0.4302474749999856
3.525999999999931 0.4304574739999856
3.526999999999931 0.43066747299998553
3.5279999999999307 0.4308774719999855
3.5289999999999306 0.43108747099998546
3.5299999999999305 0.4312974699999854
3.5309999999999304 0.4315074689999854
3.5319999999999303 0.43171746799998534
3.53299999999993 0.4319274669999853
3.53399999999993 0.43213746599998526
3.53499999999993 0.4323474649999852
3.53599999999993 0.4325574639999852
3.5369999999999298 0.43276746299998514
3.5379999999999296 0.4329774619999851
3.5389999999999295 0.43318746099998506
3.5399999999999294 0.433397459999985
3.5409999999999293 0.433607458999985
3.541999999999929 0.43381745799998495
3.542999999999929 0.4340274569999849
3.543999999999929 0.4342374559999853
3.544999999999929 0.43444745499998527
3.5459999999999288 0.43465745399998523
3.5469999999999287 0.4348674529999852
3.5479999999999285 0.43507745199998515
3.5489999999999284 0.4352874509999851
3.5499999999999283 0.4354974499999851
3.550999999999928 0.43570744899998504
3.551999999999928 0.435917447999985
3.552999999999928 0.43612744699998496
3.553999999999928 0.4363374459999849
3.5549999999999278 0.4365474449999849
3.5559999999999277 0.43675744399998484
3.5569999999999276 0.4369674429999848
3.5579999999999274 0.43717744199998476
3.5589999999999273 0.4373874409999847
3.5599999999999272 0.4375974399999847
3.560999999999927 0.43780743899998464
3.561999999999927 0.4380174379999846
3.562999999999927 0.43822743699998457
3.563999999999927 0.43843743599998497
3.5649999999999267 0.43864743499998493
3.5659999999999266 0.4388574339999849
3.5669999999999265 0.43906743299998485
3.5679999999999263 0.4392774319999848
3.5689999999999262 0.4394874309999848
3.569999999999926 0.43969742999998473
3.570999999999926 0.4399074289999847
3.571999999999926 0.44011742799998466
3.572999999999926 0.4403274269999846
3.5739999999999257 0.4405374259999846
3.5749999999999256 0.44074742499998454
3.5759999999999255 0.4409574239999845
3.5769999999999254 0.44116742299998446
3.5779999999999252 0.4413774219999844
3.578999999999925 0.4415874209999844
3.579999999999925 0.44179741999998434
3.580999999999925 0.4420074189999843
3.581999999999925 0.44221741799998426
3.5829999999999247 0.4424274169999842
3.5839999999999246 0.4426374159999842
3.5849999999999245 0.44284741499998415
3.5859999999999244 0.4430574139999841
3.5869999999999242 0.44326741299998407
3.587999999999924 0.44347741199998403
3.588999999999924 0.443687410999984
3.589999999999924 0.44389740999998395
3.590999999999924 0.4441074089999839
3.5919999999999237 0.44431740799998387
3.5929999999999236 0.44452740699998383
3.5939999999999235 0.4447374059999838
3.5949999999999234 0.44494740499998375
3.5959999999999233 0.4451574039999837
3.596999999999923 0.4453674029999837
3.597999999999923 0.44557740199998364
3.598999999999923 0.44578740099998404
3.599999999999923 0.445997399999984
3.6009999999999227 0.44620739899998396
3.6019999999999226 0.4464173979999839
3.6029999999999225 0.4466273969999839
3.6039999999999224 0.44683739599998384
3.6049999999999223 0.4470473949999838
3.605999999999922 0.44725739399998377
3.606999999999922 0.4474673929999837
3.607999999999922 0.4476773919999837
3.608999999999922 0.44788739099998365
3.6099999999999217 0.4480973899999836
3.6109999999999216 0.44830738899998357
3.6119999999999215 0.44851738799998353
3.6129999999999214 0.4487273869999835
3.6139999999999213 0.44893738599998345
3.614999999999921 0.4491473849999834
3.615999999999921 0.4493573839999834
3.616999999999921 0.44956738299998333
3.617999999999921 0.4497773819999833
3.6189999999999207 0.4499873809999837
3.6199999999999206 0.45019737999998366
3.6209999999999205 0.4504073789999836
3.6219999999999204 0.4506173779999836
3.6229999999999203 0.45082737699998354
3.62399999999992 0.4510373759999835
3.62499999999992 0.45124737499998346
3.62599999999992 0.4514573739999834
3.62699999999992 0.4516673729999834
3.6279999999999197 0.45187737199998335
3.6289999999999196 0.4520873709999833
3.6299999999999195 0.45229736999998327
3.6309999999999194 0.45250736899998323
3.6319999999999193 0.4527173679999832
3.632999999999919 0.45292736699998315
3.633999999999919 0.4531373659999831
3.634999999999919 0.45334736499998307
3.635999999999919 0.45355736399998303
3.6369999999999187 0.453767362999983
3.6379999999999186 0.45397736199998295
3.6389999999999185 0.4541873609999829
3.6399999999999184 0.4543973599999829
3.6409999999999183 0.45460735899998284
3.641999999999918 0.4548173579999828
3.642999999999918 0.45502735699998276
3.643999999999918 0.4552373559999827
3.644999999999918 0.4554473549999827
3.6459999999999178 0.45565735399998264
3.6469999999999176 0.4558673529999826
3.6479999999999175 0.45607735199998256
3.6489999999999174 0.4562873509999825
3.6499999999999173 0.4564973499999825
3.650999999999917 0.45670734899998244
3.651999999999917 0.4569173479999824
3.652999999999917 0.45712734699998236
3.653999999999917 0.45733734599998277
3.6549999999999168 0.45754734499998273
3.6559999999999166 0.4577573439999827
3.6569999999999165 0.45796734299998265
3.6579999999999164 0.4581773419999826
3.6589999999999163 0.4583873409999826
3.659999999999916 0.45859733999998253
3.660999999999916 0.4588073389999825
3.661999999999916 0.45901733799998246
3.662999999999916 0.4592273369999824
3.6639999999999158 0.4594373359999824
3.6649999999999157 0.45964733499998234
3.6659999999999155 0.4598573339999823
3.6669999999999154 0.46006733299998226
3.6679999999999153 0.4602773319999822
3.668999999999915 0.4604873309999822
3.669999999999915 0.46069732999998214
3.670999999999915 0.4609073289999821
3.671999999999915 0.46111732799998206
3.6729999999999148 0.461327326999982
3.6739999999999147 0.46153732599998243
3.6749999999999146 0.4617473249999824
3.6759999999999144 0.46195732399998235
3.6769999999999143 0.4621673229999823
3.6779999999999142 0.46237732199998227
3.678999999999914 0.46258732099998223
3.679999999999914 0.4627973199999822
3.680999999999914 0.46300731899998215
3.681999999999914 0.4632173179999821
3.6829999999999137 0.4634273169999821
3.6839999999999136 0.46363731599998204
3.6849999999999135 0.463847314999982
3.6859999999999133 0.46405731399998196
3.6869999999999132 0.4642673129999819
3.687999999999913 0.4644773119999819
3.688999999999913 0.46468731099998184
3.689999999999913 0.4648973099999818
3.690999999999913 0.46510730899998176
3.6919999999999127 0.4653173079999817
3.6929999999999126 0.4655273069999817
3.6939999999999125 0.46573730599998164
3.6949999999999124 0.4659473049999816
3.6959999999999122 0.46615730399998156
3.696999999999912 0.4663673029999815
3.697999999999912 0.4665773019999815
3.698999999999912 0.46678730099998145
3.699999999999912 0.4669972999999814
3.7009999999999117 0.46720729899998137
3.7019999999999116 0.46741729799998133
3.7029999999999115 0.4676272969999813
3.7039999999999114 0.46783729599998125
3.7049999999999113 0.4680472949999812
3.705999999999911 0.4682572939999812
3.706999999999911 0.46846729299998113
3.707999999999911 0.4686772919999811
3.708999999999911 0.4688872909999815
3.7099999999999107 0.46909728999998146
3.7109999999999106 0.4693072889999814
3.7119999999999105 0.4695172879999814
3.7129999999999104 0.46972728699998134
3.7139999999999103 0.4699372859999813
3.71499999999991 0.47014728499998126
3.71599999999991 0.4703572839999812
3.71699999999991 0.4705672829999812
3.71799999999991 0.47077728199998115
3.7189999999999097 0.4709872809999811
3.7199999999999096 0.47119727999998107
3.7209999999999095 0.471407278999981
3.7219999999999094 0.471617277999981
3.7229999999999093 0.47182727699998095
3.723999999999909 0.4720372759999809
3.724999999999909 0.47224727499998087
3.725999999999909 0.47245727399998083
3.726999999999909 0.4726672729999808
3.7279999999999087 0.47287727199998075
3.7289999999999086 0.47308727099998116
3.7299999999999085 0.4732972699999811
3.7309999999999084 0.4735072689999811
3.7319999999999083 0.47371726799998104
3.732999999999908 0.473927266999981
3.733999999999908 0.47413726599998096
3.734999999999908 0.4743472649999809
3.735999999999908 0.4745572639999809
3.7369999999999077 0.47476726299998084
3.7379999999999076 0.4749772619999808
3.7389999999999075 0.47518726099998077
3.7399999999999074 0.4753972599999807
3.7409999999999073 0.4756072589999807
3.741999999999907 0.47581725799998065
3.742999999999907 0.4760272569999806
3.743999999999907 0.47623725599998057
3.744999999999907 0.47644725499998053
3.7459999999999067 0.4766572539999805
3.7469999999999066 0.47686725299998045
3.7479999999999065 0.4770772519999804
3.7489999999999064 0.4772872509999804
3.7499999999999063 0.47749724999998033
3.750999999999906 0.4777072489999803
3.751999999999906 0.47791724799998025
3.752999999999906 0.4781272469999802
3.753999999999906 0.4783372459999802
3.7549999999999057 0.47854724499998014
3.7559999999999056 0.4787572439999801
3.7569999999999055 0.47896724299998006
3.7579999999999054 0.47917724199998
3.7589999999999053 0.47938724099998
3.759999999999905 0.47959723999997994
3.760999999999905 0.4798072389999799
3.761999999999905 0.48001723799997986
3.762999999999905 0.4802272369999798
3.7639999999999048 0.48043723599998023
3.7649999999999046 0.4806472349999802
3.7659999999999045 0.48085723399998015
3.7669999999999044 0.4810672329999801
3.7679999999999043 0.48127723199998007
3.768999999999904 0.48148723099998003
3.769999999999904 0.48169722999998
3.770999999999904 0.48190722899997995
3.771999999999904 0.4821172279999799
3.7729999999999038 0.4823272269999799
3.7739999999999037 0.48253722599997984
3.7749999999999035 0.4827472249999798
3.7759999999999034 0.48295722399997976
3.7769999999999033 0.4831672229999797
3.777999999999903 0.4833772219999797
3.778999999999903 0.48358722099997964
3.779999999999903 0.4837972199999796
3.780999999999903 0.48400721899997956
3.7819999999999028 0.4842172179999795
3.7829999999999027 0.4844272169999795
3.7839999999999026 0.4846372159999799
3.7849999999999024 0.48484721499997985
3.7859999999999023 0.4850572139999798
3.7869999999999022 0.48526721299997977
3.787999999999902 0.48547721199997973
3.788999999999902 0.4856872109999797
3.789999999999902 0.48589720999997965
3.790999999999902 0.4861072089999796
3.7919999999999017 0.4863172079999796
3.7929999999999016 0.48652720699997953
3.7939999999999015 0.4867372059999795
3.7949999999999013 0.48694720499997945
3.7959999999999012 0.4871572039999794
3.796999999999901 0.4873672029999794
3.797999999999901 0.48757720199997934
3.798999999999901 0.4877872009999793
3.799999999999901 0.48799719999997926
3.8009999999999007 0.4882071989999792
3.8019999999999006 0.4884171979999792
3.8029999999999005 0.48862719699997914
3.8039999999999003 0.4888371959999791
3.8049999999999002 0.48904719499997906
3.8059999999999 0.489257193999979
3.8069999999999 0.489467192999979
3.8079999999999 0.48967719199997894
3.8089999999999 0.4898871909999789
3.8099999999998997 0.49009718999997887
3.8109999999998996 0.4903071889999788
3.8119999999998995 0.4905171879999788
3.8129999999998994 0.49072718699997875
3.8139999999998992 0.4909371859999787
3.814999999999899 0.49114718499997867
3.815999999999899 0.49135718399997863
3.816999999999899 0.4915671829999786
3.817999999999899 0.49177718199997855
3.8189999999998987 0.49198718099997896
3.8199999999998986 0.4921971799999789
3.8209999999998985 0.4924071789999789
3.8219999999998984 0.49261717799997884
3.8229999999998983 0.4928271769999788
3.823999999999898 0.49303717599997876
3.824999999999898 0.4932471749999787
3.825999999999898 0.4934571739999787
3.826999999999898 0.49366717299997864
3.8279999999998977 0.4938771719999786
3.8289999999998976 0.49408717099997856
3.8299999999998975 0.4942971699999785
3.8309999999998974 0.4945071689999785
3.8319999999998973 0.49471716799997845
3.832999999999897 0.4949271669999784
3.833999999999897 0.49513716599997837
3.834999999999897 0.49534716499997833
3.835999999999897 0.4955571639999783
3.8369999999998967 0.49576716299997825
3.8379999999998966 0.4959771619999782
3.8389999999998965 0.49618716099997817
3.8399999999998964 0.4963971599999786
3.8409999999998963 0.49660715899997854
3.841999999999896 0.4968171579999785
3.842999999999896 0.49702715699997846
3.843999999999896 0.4972371559999784
3.844999999999896 0.4974471549999784
3.8459999999998957 0.49765715399997834
3.8469999999998956 0.4978671529999783
3.8479999999998955 0.49807715199997826
3.8489999999998954 0.4982871509999782
3.8499999999998953 0.4984971499999782
3.850999999999895 0.49870714899997814
3.851999999999895 0.4989171479999781
3.852999999999895 0.49912714699997807
3.853999999999895 0.499337145999978
3.8549999999998947 0.499547144999978
3.8559999999998946 0.49975714399997795
3.8569999999998945 0.4999671429999779
3.8579999999998944 0.5001771419999779
3.8589999999998943 0.5003871409999778
3.859999999999894 0.5005971399999778
3.860999999999894 0.5008071389999778
3.861999999999894 0.5010171379999777
3.862999999999894 0.5012271369999777
3.8639999999998937 0.5014371359999776
3.8649999999998936 0.5016471349999776
3.8659999999998935 0.5018571339999776
3.8669999999998934 0.5020671329999775
3.8679999999998933 0.5022771319999775
3.868999999999893 0.5024871309999774
3.869999999999893 0.5026971299999774
3.870999999999893 0.5029071289999774
3.871999999999893 0.5031171279999773
3.8729999999998928 0.5033271269999773
3.8739999999998926 0.5035371259999777
3.8749999999998925 0.5037471249999776
3.8759999999998924 0.5039571239999776
3.8769999999998923 0.5041671229999776
3.877999999999892 0.5043771219999775
3.878999999999892 0.5045871209999775
3.879999999999892 0.5047971199999775
3.880999999999892 0.5050071189999774
3.8819999999998918 0.5052171179999774
3.8829999999998916 0.5054271169999773
3.8839999999998915 0.5056371159999773
3.8849999999998914 0.5058471149999773
3.8859999999998913 0.5060571139999772
3.886999999999891 0.5062671129999772
3.887999999999891 0.5064771119999771
3.888999999999891 0.5066871109999771
3.889999999999891 0.5068971099999771
3.8909999999998908 0.507107108999977
3.8919999999998907 0.507317107999977
3.8929999999998905 0.5075271069999769
3.8939999999998904 0.5077371059999769
3.8949999999998903 0.5079471049999773
3.89599999999989 0.5081571039999773
3.89699999999989 0.5083671029999772
3.89799999999989 0.5085771019999772
3.89899999999989 0.5087871009999771
3.8999999999998898 0.5089970999999771
3.9009999999998897 0.5092070989999771
3.9019999999998896 0.509417097999977
3.9029999999998894 0.509627096999977
3.9039999999998893 0.509837095999977
3.9049999999998892 0.5100470949999769
3.905999999999889 0.5102570939999769
3.906999999999889 0.5104670929999768
3.907999999999889 0.5106770919999768
3.908999999999889 0.5108870909999768
3.9099999999998887 0.5110970899999767
3.9109999999998886 0.5113070889999767
3.9119999999998885 0.5115170879999766
3.9129999999998883 0.5117270869999766
3.9139999999998882 0.5119370859999766
3.914999999999888 0.5121470849999765
3.915999999999888 0.5123570839999765
3.916999999999888 0.5125670829999764
3.917999999999888 0.5127770819999764
3.9189999999998877 0.5129870809999764
3.9199999999998876 0.5131970799999763
3.9209999999998875 0.5134070789999763
3.9219999999998874 0.5136170779999762
3.9229999999998872 0.5138270769999762
3.923999999999887 0.5140370759999762
3.924999999999887 0.5142470749999761
3.925999999999887 0.5144570739999761
3.926999999999887 0.514667072999976
3.9279999999998867 0.514877071999976
3.9289999999998866 0.5150870709999764
3.9299999999998865 0.5152970699999764
3.9309999999998864 0.5155070689999763
3.9319999999998863 0.5157170679999763
3.932999999999886 0.5159270669999763
3.933999999999886 0.5161370659999762
3.934999999999886 0.5163470649999762
3.935999999999886 0.5165570639999761
3.9369999999998857 0.5167670629999761
3.9379999999998856 0.5169770619999761
3.9389999999998855 0.517187060999976
3.9399999999998854 0.517397059999976
3.9409999999998853 0.5176070589999759
3.941999999999885 0.5178170579999759
3.942999999999885 0.5180270569999759
3.943999999999885 0.5182370559999758
3.944999999999885 0.5184470549999758
3.9459999999998847 0.5186570539999757
3.9469999999998846 0.5188670529999757
3.9479999999998845 0.5190770519999757
3.9489999999998844 0.5192870509999756
3.9499999999998843 0.519497049999976
3.950999999999884 0.519707048999976
3.951999999999884 0.519917047999976
3.952999999999884 0.5201270469999759
3.953999999999884 0.5203370459999759
3.9549999999998837 0.5205470449999758
3.9559999999998836 0.5207570439999758
3.9569999999998835 0.5209670429999758
3.9579999999998834 0.5211770419999757
3.9589999999998833 0.5213870409999757
3.959999999999883 0.5215970399999756
3.960999999999883 0.5218070389999756
3.961999999999883 0.5220170379999756
3.962999999999883 0.5222270369999755
3.9639999999998827 0.5224370359999755
3.9649999999998826 0.5226470349999754
3.9659999999998825 0.5228570339999754
3.9669999999998824 0.5230670329999754
3.9679999999998823 0.5232770319999753
3.968999999999882 0.5234870309999753
3.969999999999882 0.5236970299999752
3.970999999999882 0.5239070289999752
3.971999999999882 0.5241170279999752
3.9729999999998817 0.5243270269999751
3.9739999999998816 0.5245370259999751
3.9749999999998815 0.524747024999975
3.9759999999998814 0.524957023999975
3.9769999999998813 0.525167022999975
3.977999999999881 0.5253770219999749
3.978999999999881 0.5255870209999749
3.979999999999881 0.5257970199999749
3.980999999999881 0.5260070189999748
3.9819999999998807 0.5262170179999748
3.9829999999998806 0.5264270169999747
3.9839999999998805 0.5266370159999751
3.9849999999998804 0.5268470149999751
3.9859999999998803 0.5270570139999751
3.98699999999988 0.527267012999975
3.98799999999988 0.527477011999975
3.98899999999988 0.527687010999975
3.98999999999988 0.5278970099999749
3.9909999999998798 0.5281070089999749
3.9919999999998796 0.5283170079999748
3.9929999999998795 0.5285270069999748
3.9939999999998794 0.5287370059999748
3.9949999999998793 0.5289470049999747
3.995999999999879 0.5291570039999747
3.996999999999879 0.5293670029999746
3.997999999999879 0.5295770019999746
3.998999999999879 0.5297870009999746
3.9999999999998788 0.5299969999999745
