2.9 0.689981
2.901 0.6900809899999999
2.9019999999999997 0.6901809799999999
2.9029999999999996 0.6902809699999999
2.9039999999999995 0.6903809599999999
2.9049999999999994 0.6904809499999999
2.9059999999999993 0.6905809399999998
2.906999999999999 0.6906809299999999
2.907999999999999 0.6907809199999998
2.908999999999999 0.6908809099999998
2.909999999999999 0.6909808999999998
2.9109999999999987 0.6910808899999998
2.9119999999999986 0.6911808799999998
2.9129999999999985 0.6912808699999998
2.9139999999999984 0.6913808599999998
2.9149999999999983 0.6914808499999998
2.915999999999998 0.6915808399999998
2.916999999999998 0.6916808299999997
2.917999999999998 0.6917808199999997
2.918999999999998 0.6918808099999997
2.9199999999999977 0.6919807999999997
2.9209999999999976 0.6920807899999997
2.9219999999999975 0.6921807799999997
2.9229999999999974 0.6922807699999997
2.9239999999999973 0.6923807599999997
2.924999999999997 0.6924807499999996
2.925999999999997 0.6925807399999997
2.926999999999997 0.6926807299999996
2.927999999999997 0.6927807199999996
2.9289999999999967 0.6928807099999996
2.9299999999999966 0.6929806999999996
2.9309999999999965 0.6930806899999996
2.9319999999999964 0.6931806799999995
2.9329999999999963 0.6932806699999996
2.933999999999996 0.6933806599999995
2.934999999999996 0.6934806499999996
2.935999999999996 0.6935806399999995
2.936999999999996 0.6936806299999996
2.9379999999999957 0.6937806199999995
2.9389999999999956 0.6938806099999995
2.9399999999999955 0.6939805999999995
2.9409999999999954 0.6940805899999994
2.9419999999999953 0.6941805799999995
2.942999999999995 0.6942805699999994
2.943999999999995 0.6943805599999995
2.944999999999995 0.6944805499999994
2.945999999999995 0.6945805399999995
2.9469999999999947 0.6946805299999994
2.9479999999999946 0.6947805199999993
2.9489999999999945 0.6948805099999994
2.9499999999999944 0.6949804999999993
2.9509999999999943 0.6950804899999994
2.951999999999994 0.6951804799999993
2.952999999999994 0.6952804699999994
2.953999999999994 0.6953804599999993
2.954999999999994 0.6954804499999994
2.9559999999999937 0.6955804399999993
2.9569999999999936 0.6956804299999994
2.9579999999999935 0.6957804199999993
2.9589999999999934 0.6958804099999992
2.9599999999999933 0.6959803999999993
2.960999999999993 0.6960803899999992
2.961999999999993 0.6961803799999993
2.962999999999993 0.6962803699999992
2.963999999999993 0.6963803599999993
2.9649999999999928 0.6964803499999992
2.9659999999999926 0.6965803399999992
2.9669999999999925 0.6966803299999992
2.9679999999999924 0.6967803199999992
2.9689999999999923 0.6968803099999992
2.969999999999992 0.6969802999999991
2.970999999999992 0.6970802899999992
2.971999999999992 0.6971802799999991
2.972999999999992 0.6972802699999991
2.9739999999999918 0.6973802599999991
2.9749999999999917 0.6974802499999991
2.9759999999999915 0.6975802399999991
2.9769999999999914 0.6976802299999991
2.9779999999999913 0.6977802199999991
2.978999999999991 0.6978802099999991
2.979999999999991 0.697980199999999
2.980999999999991 0.698080189999999
2.981999999999991 0.698180179999999
2.9829999999999908 0.698280169999999
2.9839999999999907 0.698380159999999
2.9849999999999905 0.698480149999999
2.9859999999999904 0.698580139999999
2.9869999999999903 0.698680129999999
2.98799999999999 0.698780119999999
2.98899999999999 0.6988801099999989
2.98999999999999 0.6989800999999989
2.99099999999999 0.6990800899999989
2.99199999999999 0.6991800799999989
2.9929999999999897 0.6992800699999989
2.9939999999999896 0.6993800599999989
2.9949999999999894 0.6994800499999989
2.9959999999999893 0.6995800399999988
2.9969999999999892 0.6996800299999989
2.997999999999989 0.6997800199999988
2.998999999999989 0.6998800099999989
2.999999999999989 0.6999799999999988
3.000999999999989 0.7000799899999988
3.0019999999999887 0.7001799799999988
3.0029999999999886 0.7002799699999988
3.0039999999999885 0.7003799599999988
3.0049999999999883 0.7004799499999987
3.0059999999999882 0.7005799399999988
3.006999999999988 0.7006799299999987
3.007999999999988 0.7007799199999988
3.008999999999988 0.7008799099999987
3.009999999999988 0.7009798999999988
3.0109999999999877 0.7010798899999987
3.0119999999999876 0.7011798799999986
3.0129999999999875 0.7012798699999987
3.0139999999999874 0.7013798599999986
3.0149999999999872 0.7014798499999987
3.015999999999987 0.7015798399999986
3.016999999999987 0.7016798299999987
3.017999999999987 0.7017798199999986
3.018999999999987 0.7018798099999987
3.0199999999999867 0.7019797999999986
3.0209999999999866 0.7020797899999985
3.0219999999999865 0.7021797799999986
3.0229999999999864 0.7022797699999985
3.0239999999999863 0.7023797599999986
3.024999999999986 0.7024797499999985
3.025999999999986 0.7025797399999986
3.026999999999986 0.7026797299999985
3.027999999999986 0.7027797199999986
3.0289999999999857 0.7028797099999985
3.0299999999999856 0.7029796999999985
3.0309999999999855 0.7030796899999985
3.0319999999999854 0.7031796799999984
3.0329999999999853 0.7032796699999985
3.033999999999985 0.7033796599999984
3.034999999999985 0.7034796499999985
3.035999999999985 0.7035796399999984
3.036999999999985 0.7036796299999984
3.0379999999999847 0.7037796199999984
3.0389999999999846 0.7038796099999984
3.0399999999999845 0.7039795999999984
3.0409999999999844 0.7040795899999984
3.0419999999999843 0.7041795799999984
3.042999999999984 0.7042795699999983
3.043999999999984 0.7043795599999984
3.044999999999984 0.7044795499999983
3.045999999999984 0.7045795399999983
3.0469999999999837 0.7046795299999983
3.0479999999999836 0.7047795199999983
3.0489999999999835 0.7048795099999983
3.0499999999999834 0.7049794999999983
3.0509999999999833 0.7050794899999983
3.051999999999983 0.7051794799999983
3.052999999999983 0.7052794699999982
3.053999999999983 0.7053794599999982
3.054999999999983 0.7054794499999982
3.0559999999999827 0.7055794399999982
3.0569999999999826 0.7056794299999982
3.0579999999999825 0.7057794199999982
3.0589999999999824 0.7058794099999982
3.0599999999999823 0.7059793999999981
3.060999999999982 0.7060793899999982
3.061999999999982 0.7061793799999981
3.062999999999982 0.7062793699999981
3.063999999999982 0.7063793599999981
3.0649999999999817 0.7064793499999981
3.0659999999999816 0.7065793399999981
3.0669999999999815 0.706679329999998
3.0679999999999814 0.7067793199999981
3.0689999999999813 0.706879309999998
3.069999999999981 0.7069792999999981
3.070999999999981 0.707079289999998
3.071999999999981 0.7071792799999981
3.072999999999981 0.707279269999998
3.0739999999999807 0.707379259999998
3.0749999999999806 0.707479249999998
3.0759999999999805 0.7075792399999979
3.0769999999999804 0.707679229999998
3.0779999999999803 0.7077792199999979
3.07899999999998 0.707879209999998
3.07999999999998 0.7079791999999979
3.08099999999998 0.708079189999998
3.08199999999998 0.7081791799999979
3.0829999999999798 0.708279169999998
3.0839999999999796 0.7083791599999979
3.0849999999999795 0.7084791499999978
3.0859999999999794 0.7085791399999979
3.0869999999999793 0.7086791299999978
3.087999999999979 0.7087791199999979
3.088999999999979 0.7088791099999978
3.089999999999979 0.7089790999999979
3.090999999999979 0.7090790899999978
3.0919999999999788 0.7091790799999979
3.0929999999999787 0.7092790699999978
3.0939999999999785 0.7093790599999978
3.0949999999999784 0.7094790499999978
3.0959999999999783 0.7095790399999977
3.096999999999978 0.7096790299999978
3.097999999999978 0.7097790199999977
3.098999999999978 0.7098790099999978
3.099999999999978 0.7099789999999977
3.1009999999999778 0.7100789899999977
3.1019999999999777 0.7101789799999977
3.1029999999999776 0.7102789699999977
3.1039999999999774 0.7103789599999977
3.1049999999999773 0.7104789499999976
3.1059999999999772 0.7105789399999977
3.106999999999977 0.7106789299999976
3.107999999999977 0.7107789199999976
3.108999999999977 0.7108789099999976
3.109999999999977 0.7109788999999976
3.1109999999999767 0.7110788899999976
3.1119999999999766 0.7111788799999976
3.1129999999999765 0.7112788699999976
3.1139999999999763 0.7113788599999976
3.1149999999999762 0.7114788499999976
3.115999999999976 0.7115788399999975
3.116999999999976 0.7116788299999975
3.117999999999976 0.7117788199999975
3.118999999999976 0.7118788099999975
3.1199999999999757 0.7119787999999975
3.1209999999999756 0.7120787899999975
3.1219999999999755 0.7121787799999975
3.1229999999999754 0.7122787699999975
3.1239999999999752 0.7123787599999974
3.124999999999975 0.7124787499999975
3.125999999999975 0.7125787399999974
3.126999999999975 0.7126787299999974
3.127999999999975 0.7127787199999974
3.1289999999999747 0.7128787099999974
3.1299999999999746 0.7129786999999974
3.1309999999999745 0.7130786899999974
3.1319999999999744 0.7131786799999974
3.1329999999999742 0.7132786699999973
3.133999999999974 0.7133786599999974
3.134999999999974 0.7134786499999973
3.135999999999974 0.7135786399999974
3.136999999999974 0.7136786299999973
3.1379999999999737 0.7137786199999973
3.1389999999999736 0.7138786099999973
3.1399999999999735 0.7139785999999972
3.1409999999999734 0.7140785899999973
3.1419999999999733 0.7141785799999972
3.142999999999973 0.7142785699999973
3.143999999999973 0.7143785599999972
3.144999999999973 0.7144785499999973
3.145999999999973 0.7145785399999972
3.1469999999999727 0.7146785299999971
3.1479999999999726 0.7147785199999972
3.1489999999999725 0.7148785099999971
3.1499999999999724 0.7149784999999972
3.1509999999999723 0.7150784899999971
3.151999999999972 0.7151784799999972
3.152999999999972 0.7152784699999971
3.153999999999972 0.7153784599999972
3.154999999999972 0.7154784499999971
3.1559999999999717 0.7155784399999972
3.1569999999999716 0.7156784299999971
3.1579999999999715 0.715778419999997
3.1589999999999714 0.7158784099999971
3.1599999999999713 0.715978399999997
3.160999999999971 0.7160783899999971
3.161999999999971 0.716178379999997
3.162999999999971 0.716278369999997
3.163999999999971 0.716378359999997
3.1649999999999707 0.716478349999997
3.1659999999999706 0.716578339999997
3.1669999999999705 0.716678329999997
3.1679999999999704 0.716778319999997
3.1689999999999703 0.7168783099999969
3.16999999999997 0.716978299999997
3.17099999999997 0.7170782899999969
3.17199999999997 0.717178279999997
3.17299999999997 0.7172782699999969
3.1739999999999697 0.7173782599999969
3.1749999999999696 0.7174782499999969
3.1759999999999695 0.7175782399999969
3.1769999999999694 0.7176782299999969
3.1779999999999693 0.7177782199999969
3.178999999999969 0.7178782099999969
3.179999999999969 0.7179781999999968
3.180999999999969 0.7180781899999968
3.181999999999969 0.7181781799999968
3.1829999999999687 0.7182781699999968
3.1839999999999686 0.7183781599999968
3.1849999999999685 0.7184781499999968
3.1859999999999684 0.7185781399999968
3.1869999999999683 0.7186781299999968
3.187999999999968 0.7187781199999967
3.188999999999968 0.7188781099999967
3.189999999999968 0.7189780999999967
3.190999999999968 0.7190780899999967
3.1919999999999678 0.7191780799999967
3.1929999999999676 0.7192780699999967
3.1939999999999675 0.7193780599999967
3.1949999999999674 0.7194780499999966
3.1959999999999673 0.7195780399999967
3.196999999999967 0.7196780299999966
3.197999999999967 0.7197780199999967
3.198999999999967 0.7198780099999966
3.199999999999967 0.7199779999999966
3.2009999999999668 0.7200779899999966
3.2019999999999667 0.7201779799999966
3.2029999999999665 0.7202779699999966
3.2039999999999664 0.7203779599999965
3.2049999999999663 0.7204779499999966
3.205999999999966 0.7205779399999965
3.206999999999966 0.7206779299999966
3.207999999999966 0.7207779199999965
3.208999999999966 0.7208779099999966
3.2099999999999658 0.7209778999999965
3.2109999999999657 0.7210778899999964
3.2119999999999655 0.7211778799999965
3.2129999999999654 0.7212778699999964
3.2139999999999653 0.7213778599999965
3.214999999999965 0.7214778499999964
3.215999999999965 0.7215778399999965
3.216999999999965 0.7216778299999964
3.217999999999965 0.7217778199999965
3.218999999999965 0.7218778099999964
3.2199999999999647 0.7219777999999965
3.2209999999999646 0.7220777899999964
3.2219999999999644 0.7221777799999963
3.2229999999999643 0.7222777699999964
3.2239999999999642 0.7223777599999963
3.224999999999964 0.7224777499999964
3.225999999999964 0.7225777399999963
3.226999999999964 0.7226777299999964
3.227999999999964 0.7227777199999963
3.2289999999999637 0.7228777099999963
3.2299999999999636 0.7229776999999963
3.2309999999999635 0.7230776899999962
3.2319999999999633 0.7231776799999963
3.2329999999999632 0.7232776699999962
3.233999999999963 0.7233776599999963
3.234999999999963 0.7234776499999962
3.235999999999963 0.7235776399999962
3.236999999999963 0.7236776299999962
3.2379999999999627 0.7237776199999962
3.2389999999999626 0.7238776099999962
3.2399999999999625 0.7239775999999962
3.2409999999999624 0.7240775899999962
3.2419999999999622 0.7241775799999961
3.242999999999962 0.7242775699999962
3.243999999999962 0.7243775599999961
3.244999999999962 0.7244775499999961
3.245999999999962 0.7245775399999961
3.2469999999999617 0.7246775299999961
3.2479999999999616 0.7247775199999961
3.2489999999999615 0.7248775099999961
3.2499999999999614 0.7249774999999961
3.2509999999999613 0.7250774899999961
3.251999999999961 0.725177479999996
3.252999999999961 0.725277469999996
3.253999999999961 0.725377459999996
3.254999999999961 0.725477449999996
3.2559999999999607 0.725577439999996
3.2569999999999606 0.725677429999996
3.2579999999999605 0.725777419999996
3.2589999999999604 0.725877409999996
3.2599999999999603 0.725977399999996
3.26099999999996 0.7260773899999959
3.26199999999996 0.726177379999996
3.26299999999996 0.7262773699999959
3.26399999999996 0.7263773599999959
3.2649999999999597 0.7264773499999959
3.2659999999999596 0.7265773399999959
3.2669999999999595 0.7266773299999959
3.2679999999999594 0.7267773199999958
3.2689999999999593 0.7268773099999959
3.269999999999959 0.7269772999999958
3.270999999999959 0.7270772899999959
3.271999999999959 0.7271772799999958
3.272999999999959 0.7272772699999958
3.2739999999999587 0.7273772599999958
3.2749999999999586 0.7274772499999957
3.2759999999999585 0.7275772399999958
3.2769999999999584 0.7276772299999957
3.2779999999999583 0.7277772199999958
3.278999999999958 0.7278772099999957
3.279999999999958 0.7279771999999958
3.280999999999958 0.7280771899999957
3.281999999999958 0.7281771799999958
3.2829999999999577 0.7282771699999957
3.2839999999999576 0.7283771599999956
3.2849999999999575 0.7284771499999957
3.2859999999999574 0.7285771399999956
3.2869999999999573 0.7286771299999957
3.287999999999957 0.7287771199999956
3.288999999999957 0.7288771099999957
3.289999999999957 0.7289770999999956
3.290999999999957 0.7290770899999957
3.2919999999999567 0.7291770799999956
3.2929999999999566 0.7292770699999956
3.2939999999999565 0.7293770599999956
3.2949999999999564 0.7294770499999955
3.2959999999999563 0.7295770399999956
3.296999999999956 0.7296770299999955
3.297999999999956 0.7297770199999956
3.298999999999956 0.7298770099999955
3.299999999999956 0.7299769999999955
3.3009999999999557 0.7300769899999955
3.3019999999999556 0.7301769799999955
3.3029999999999555 0.7302769699999955
3.3039999999999554 0.7303769599999955
3.3049999999999553 0.7304769499999955
3.305999999999955 0.7305769399999954
3.306999999999955 0.7306769299999955
3.307999999999955 0.7307769199999954
3.308999999999955 0.7308769099999954
3.3099999999999548 0.7309768999999954
3.3109999999999546 0.7310768899999954
3.3119999999999545 0.7311768799999954
3.3129999999999544 0.7312768699999954
3.3139999999999543 0.7313768599999954
3.314999999999954 0.7314768499999953
3.315999999999954 0.7315768399999953
3.316999999999954 0.7316768299999953
3.317999999999954 0.7317768199999953
3.3189999999999538 0.7318768099999953
3.3199999999999537 0.7319767999999953
3.3209999999999535 0.7320767899999953
3.3219999999999534 0.7321767799999953
3.3229999999999533 0.7322767699999952
3.323999999999953 0.7323767599999953
3.324999999999953 0.7324767499999952
3.325999999999953 0.7325767399999952
3.326999999999953 0.7326767299999952
3.3279999999999528 0.7327767199999952
3.3289999999999527 0.7328767099999952
3.3299999999999526 0.7329766999999952
3.3309999999999524 0.7330766899999952
3.3319999999999523 0.7331766799999951
3.3329999999999522 0.7332766699999952
3.333999999999952 0.7333766599999951
3.334999999999952 0.7334766499999952
3.335999999999952 0.7335766399999951
3.336999999999952 0.7336766299999951
3.3379999999999517 0.7337766199999951
3.3389999999999516 0.733876609999995
3.3399999999999515 0.7339765999999951
3.3409999999999513 0.734076589999995
3.3419999999999512 0.7341765799999951
3.342999999999951 0.734276569999995
3.343999999999951 0.7343765599999951
3.344999999999951 0.734476549999995
3.345999999999951 0.7345765399999951
3.3469999999999507 0.734676529999995
3.3479999999999506 0.7347765199999949
3.3489999999999505 0.734876509999995
3.3499999999999504 0.7349764999999949
3.3509999999999502 0.735076489999995
3.35199999999995 0.7351764799999949
3.35299999999995 0.735276469999995
3.35399999999995 0.7353764599999949
3.35499999999995 0.735476449999995
3.3559999999999497 0.7355764399999949
3.3569999999999496 0.7356764299999948
3.3579999999999495 0.7357764199999949
3.3589999999999494 0.7358764099999948
3.3599999999999492 0.7359763999999949
3.360999999999949 0.7360763899999948
3.361999999999949 0.7361763799999949
3.362999999999949 0.7362763699999948
3.363999999999949 0.7363763599999948
3.3649999999999487 0.7364763499999948
3.3659999999999486 0.7365763399999948
3.3669999999999485 0.7366763299999948
3.3679999999999484 0.7367763199999947
3.3689999999999483 0.7368763099999948
3.369999999999948 0.7369762999999947
3.370999999999948 0.7370762899999947
3.371999999999948 0.7371762799999947
3.372999999999948 0.7372762699999947
3.3739999999999477 0.7373762599999947
3.3749999999999476 0.7374762499999947
3.3759999999999475 0.7375762399999947
3.3769999999999474 0.7376762299999947
3.3779999999999473 0.7377762199999947
3.378999999999947 0.7378762099999946
3.379999999999947 0.7379761999999946
3.380999999999947 0.7380761899999946
3.381999999999947 0.7381761799999946
3.3829999999999467 0.7382761699999946
3.3839999999999466 0.7383761599999946
3.3849999999999465 0.7384761499999946
3.3859999999999464 0.7385761399999946
3.3869999999999463 0.7386761299999945
3.387999999999946 0.7387761199999945
3.388999999999946 0.7388761099999945
3.389999999999946 0.7389760999999945
3.390999999999946 0.7390760899999945
3.3919999999999457 0.7391760799999945
3.3929999999999456 0.7392760699999945
3.3939999999999455 0.7393760599999945
3.3949999999999454 0.7394760499999945
3.3959999999999453 0.7395760399999944
3.396999999999945 0.7396760299999945
3.397999999999945 0.7397760199999944
3.398999999999945 0.7398760099999944
3.399999999999945 0.7399759999999944
3.4009999999999447 0.7400759899999944
3.4019999999999446 0.7401759799999944
3.4029999999999445 0.7402759699999943
3.4039999999999444 0.7403759599999944
3.4049999999999443 0.7404759499999943
3.405999999999944 0.7405759399999944
3.406999999999944 0.7406759299999943
3.407999999999944 0.7407759199999944
3.408999999999944 0.7408759099999943
3.4099999999999437 0.7409758999999942
3.4109999999999436 0.7410758899999943
3.4119999999999435 0.7411758799999942
3.4129999999999434 0.7412758699999943
3.4139999999999433 0.7413758599999942
3.414999999999943 0.7414758499999943
3.415999999999943 0.7415758399999942
3.416999999999943 0.7416758299999943
3.417999999999943 0.7417758199999942
3.4189999999999428 0.7418758099999943
3.4199999999999426 0.7419757999999942
3.4209999999999425 0.7420757899999941
3.4219999999999424 0.7421757799999942
3.4229999999999423 0.7422757699999941
3.423999999999942 0.7423757599999942
3.424999999999942 0.7424757499999941
3.425999999999942 0.7425757399999942
3.426999999999942 0.7426757299999941
3.4279999999999418 0.7427757199999941
3.4289999999999417 0.7428757099999941
3.4299999999999415 0.742975699999994
3.4309999999999414 0.7430756899999941
3.4319999999999413 0.743175679999994
3.432999999999941 0.7432756699999941
3.433999999999941 0.743375659999994
3.434999999999941 0.743475649999994
3.435999999999941 0.743575639999994
3.4369999999999408 0.743675629999994
3.4379999999999407 0.743775619999994
3.4389999999999405 0.743875609999994
3.4399999999999404 0.743975599999994
3.4409999999999403 0.7440755899999939
3.44199999999994 0.744175579999994
3.44299999999994 0.7442755699999939
3.44399999999994 0.7443755599999939
3.44499999999994 0.7444755499999939
3.4459999999999398 0.7445755399999939
3.4469999999999397 0.7446755299999939
3.4479999999999396 0.7447755199999939
3.4489999999999394 0.7448755099999939
3.4499999999999393 0.7449754999999939
3.4509999999999392 0.7450754899999938
3.451999999999939 0.7451754799999938
3.452999999999939 0.7452754699999938
3.453999999999939 0.7453754599999938
3.454999999999939 0.7454754499999938
3.4559999999999387 0.7455754399999938
3.4569999999999386 0.7456754299999938
3.4579999999999385 0.7457754199999937
3.4589999999999383 0.7458754099999938
3.4599999999999382 0.7459753999999937
3.460999999999938 0.7460753899999938
3.461999999999938 0.7461753799999937
3.462999999999938 0.7462753699999937
3.463999999999938 0.7463753599999937
3.4649999999999377 0.7464753499999937
3.4659999999999376 0.7465753399999937
3.4669999999999375 0.7466753299999936
3.4679999999999374 0.7467753199999937
3.4689999999999372 0.7468753099999936
3.469999999999937 0.7469752999999937
3.470999999999937 0.7470752899999936
3.471999999999937 0.7471752799999936
3.472999999999937 0.7472752699999936
3.4739999999999367 0.7473752599999935
3.4749999999999366 0.7474752499999936
3.4759999999999365 0.7475752399999935
3.4769999999999364 0.7476752299999936
3.4779999999999363 0.7477752199999935
3.478999999999936 0.7478752099999936
3.479999999999936 0.7479751999999935
3.480999999999936 0.7480751899999936
3.481999999999936 0.7481751799999935
3.4829999999999357 0.7482751699999934
3.4839999999999356 0.7483751599999935
3.4849999999999355 0.7484751499999934
3.4859999999999354 0.7485751399999935
3.4869999999999353 0.7486751299999934
3.487999999999935 0.7487751199999935
3.488999999999935 0.7488751099999934
3.489999999999935 0.7489750999999935
3.490999999999935 0.7490750899999934
3.4919999999999347 0.7491750799999934
3.4929999999999346 0.7492750699999934
3.4939999999999345 0.7493750599999933
3.4949999999999344 0.7494750499999934
3.4959999999999343 0.7495750399999933
3.496999999999934 0.7496750299999934
3.497999999999934 0.7497750199999933
3.498999999999934 0.7498750099999933
3.499999999999934 0.7499749999999934
3.5009999999999337 0.7500749899999932
3.5019999999999336 0.7501749799999933
3.5029999999999335 0.7502749699999933
3.5039999999999334 0.7503749599999932
3.5049999999999333 0.7504749499999932
3.505999999999933 0.7505749399999933
3.506999999999933 0.7506749299999933
3.507999999999933 0.7507749199999931
3.508999999999933 0.7508749099999932
3.5099999999999327 0.7509748999999932
3.5109999999999326 0.7510748899999933
3.5119999999999325 0.7511748799999931
3.5129999999999324 0.7512748699999932
3.5139999999999323 0.7513748599999932
3.514999999999932 0.751474849999993
3.515999999999932 0.7515748399999931
3.516999999999932 0.7516748299999931
3.517999999999932 0.7517748199999932
3.5189999999999317 0.751874809999993
3.5199999999999316 0.7519747999999931
3.5209999999999315 0.7520747899999931
3.5219999999999314 0.7521747799999932
3.5229999999999313 0.752274769999993
3.523999999999931 0.752374759999993
3.524999999999931 0.7524747499999931
3.525999999999931 0.7525747399999929
3.526999999999931 0.752674729999993
3.5279999999999307 0.752774719999993
3.5289999999999306 0.7528747099999931
3.5299999999999305 0.7529746999999929
3.5309999999999304 0.7530746899999929
3.5319999999999303 0.753174679999993
3.53299999999993 0.753274669999993
3.53399999999993 0.7533746599999929
3.53499999999993 0.7534746499999929
3.53599999999993 0.753574639999993
3.5369999999999298 0.7536746299999928
3.5379999999999296 0.7537746199999928
3.5389999999999295 0.7538746099999929
3.5399999999999294 0.753974599999993
3.5409999999999293 0.7540745899999928
3.541999999999929 0.7541745799999928
3.542999999999929 0.7542745699999929
3.543999999999929 0.7543745599999929
3.544999999999929 0.7544745499999927
3.5459999999999288 0.7545745399999928
3.5469999999999287 0.7546745299999928
3.5479999999999285 0.7547745199999927
3.5489999999999284 0.7548745099999927
3.5499999999999283 0.7549744999999928
3.550999999999928 0.7550744899999928
3.551999999999928 0.7551744799999927
3.552999999999928 0.7552744699999927
3.553999999999928 0.7553744599999928
3.5549999999999278 0.7554744499999928
3.5559999999999277 0.7555744399999926
3.5569999999999276 0.7556744299999927
3.5579999999999274 0.7557744199999927
3.5589999999999273 0.7558744099999926
3.5599999999999272 0.7559743999999926
3.560999999999927 0.7560743899999927
3.561999999999927 0.7561743799999927
3.562999999999927 0.7562743699999925
3.563999999999927 0.7563743599999926
3.5649999999999267 0.7564743499999926
3.5659999999999266 0.7565743399999927
3.5669999999999265 0.7566743299999925
3.5679999999999263 0.7567743199999926
3.5689999999999262 0.7568743099999926
3.569999999999926 0.7569742999999924
3.570999999999926 0.7570742899999925
3.571999999999926 0.7571742799999925
3.572999999999926 0.7572742699999926
3.5739999999999257 0.7573742599999924
3.5749999999999256 0.7574742499999925
3.5759999999999255 0.7575742399999925
3.5769999999999254 0.7576742299999923
3.5779999999999252 0.7577742199999924
3.578999999999925 0.7578742099999924
3.579999999999925 0.7579741999999925
3.580999999999925 0.7580741899999923
3.581999999999925 0.7581741799999924
3.5829999999999247 0.7582741699999924
3.5839999999999246 0.7583741599999925
3.5849999999999245 0.7584741499999923
3.5859999999999244 0.7585741399999923
3.5869999999999242 0.7586741299999924
3.587999999999924 0.7587741199999922
3.588999999999924 0.7588741099999923
3.589999999999924 0.7589740999999923
3.590999999999924 0.7590740899999924
3.5919999999999237 0.7591740799999922
3.5929999999999236 0.7592740699999923
3.5939999999999235 0.7593740599999923
3.5949999999999234 0.7594740499999924
3.5959999999999233 0.7595740399999922
3.596999999999923 0.7596740299999922
3.597999999999923 0.7597740199999923
3.598999999999923 0.7598740099999921
3.599999999999923 0.7599739999999922
3.6009999999999227 0.7600739899999922
3.6019999999999226 0.7601739799999923
3.6029999999999225 0.7602739699999921
3.6039999999999224 0.7603739599999921
3.6049999999999223 0.7604739499999922
3.605999999999922 0.7605739399999922
3.606999999999922 0.7606739299999921
3.607999999999922 0.7607739199999921
3.608999999999922 0.7608739099999922
3.6099999999999217 0.760973899999992
3.6109999999999216 0.761073889999992
3.6119999999999215 0.7611738799999921
3.6129999999999214 0.7612738699999921
3.6139999999999213 0.761373859999992
3.614999999999921 0.761473849999992
3.615999999999921 0.7615738399999921
3.616999999999921 0.7616738299999921
3.617999999999921 0.7617738199999919
3.6189999999999207 0.761873809999992
3.6199999999999206 0.761973799999992
3.6209999999999205 0.7620737899999919
3.6219999999999204 0.7621737799999919
3.6229999999999203 0.762273769999992
3.62399999999992 0.762373759999992
3.62499999999992 0.7624737499999918
3.62599999999992 0.7625737399999919
3.62699999999992 0.762673729999992
3.6279999999999197 0.762773719999992
3.6289999999999196 0.7628737099999918
3.6299999999999195 0.7629736999999919
3.6309999999999194 0.7630736899999919
3.6319999999999193 0.7631736799999917
3.632999999999919 0.7632736699999918
3.633999999999919 0.7633736599999918
3.634999999999919 0.7634736499999919
3.635999999999919 0.7635736399999917
3.6369999999999187 0.7636736299999918
3.6379999999999186 0.7637736199999918
3.6389999999999185 0.7638736099999919
3.6399999999999184 0.7639735999999917
3.6409999999999183 0.7640735899999918
3.641999999999918 0.7641735799999918
3.642999999999918 0.7642735699999916
3.643999999999918 0.7643735599999917
3.644999999999918 0.7644735499999917
3.6459999999999178 0.7645735399999918
3.6469999999999176 0.7646735299999916
3.6479999999999175 0.7647735199999917
3.6489999999999174 0.7648735099999917
3.6499999999999173 0.7649734999999918
3.650999999999917 0.7650734899999916
3.651999999999917 0.7651734799999916
3.652999999999917 0.7652734699999917
3.653999999999917 0.7653734599999915
3.6549999999999168 0.7654734499999916
3.6559999999999166 0.7655734399999916
3.6569999999999165 0.7656734299999917
3.6579999999999164 0.7657734199999915
3.6589999999999163 0.7658734099999915
3.659999999999916 0.7659733999999916
3.660999999999916 0.7660733899999914
3.661999999999916 0.7661733799999915
3.662999999999916 0.7662733699999915
3.6639999999999158 0.7663733599999916
3.6649999999999157 0.7664733499999914
3.6659999999999155 0.7665733399999914
3.6669999999999154 0.7666733299999915
3.6679999999999153 0.7667733199999915
3.668999999999915 0.7668733099999914
3.669999999999915 0.7669732999999914
3.670999999999915 0.7670732899999915
3.671999999999915 0.7671732799999913
3.6729999999999148 0.7672732699999913
3.6739999999999147 0.7673732599999914
3.6749999999999146 0.7674732499999914
3.6759999999999144 0.7675732399999913
3.6769999999999143 0.7676732299999913
3.6779999999999142 0.7677732199999914
3.678999999999914 0.7678732099999914
3.679999999999914 0.7679731999999913
3.680999999999914 0.7680731899999913
3.681999999999914 0.7681731799999914
3.6829999999999137 0.7682731699999912
3.6839999999999136 0.7683731599999912
3.6849999999999135 0.7684731499999913
3.6859999999999133 0.7685731399999913
3.6869999999999132 0.7686731299999912
3.687999999999913 0.7687731199999912
3.688999999999913 0.7688731099999913
3.689999999999913 0.7689730999999913
3.690999999999913 0.7690730899999911
3.6919999999999127 0.7691730799999912
3.6929999999999126 0.7692730699999912
3.6939999999999125 0.7693730599999911
3.6949999999999124 0.7694730499999911
3.6959999999999122 0.7695730399999912
3.696999999999912 0.7696730299999912
3.697999999999912 0.769773019999991
3.698999999999912 0.7698730099999911
3.699999999999912 0.7699729999999911
3.7009999999999117 0.7700729899999912
3.7019999999999116 0.770172979999991
3.7029999999999115 0.7702729699999911
3.7039999999999114 0.7703729599999911
3.7049999999999113 0.7704729499999909
3.705999999999911 0.770572939999991
3.706999999999911 0.770672929999991
3.707999999999911 0.7707729199999911
3.708999999999911 0.7708729099999909
3.7099999999999107 0.770972899999991
3.7109999999999106 0.771072889999991
3.7119999999999105 0.7711728799999911
3.7129999999999104 0.7712728699999909
3.7139999999999103 0.771372859999991
3.71499999999991 0.771472849999991
3.71599999999991 0.7715728399999908
3.71699999999991 0.7716728299999909
3.71799999999991 0.7717728199999909
3.7189999999999097 0.771872809999991
3.7199999999999096 0.7719727999999908
3.7209999999999095 0.7720727899999908
3.7219999999999094 0.7721727799999909
3.7229999999999093 0.772272769999991
3.723999999999909 0.7723727599999908
3.724999999999909 0.7724727499999908
3.725999999999909 0.7725727399999909
3.726999999999909 0.7726727299999907
3.7279999999999087 0.7727727199999908
3.7289999999999086 0.7728727099999908
3.7299999999999085 0.7729726999999909
3.7309999999999084 0.7730726899999907
3.7319999999999083 0.7731726799999907
3.732999999999908 0.7732726699999908
3.733999999999908 0.7733726599999906
3.734999999999908 0.7734726499999907
3.735999999999908 0.7735726399999907
3.7369999999999077 0.7736726299999908
3.7379999999999076 0.7737726199999906
3.7389999999999075 0.7738726099999906
3.7399999999999074 0.7739725999999907
3.7409999999999073 0.7740725899999907
3.741999999999907 0.7741725799999906
3.742999999999907 0.7742725699999906
3.743999999999907 0.7743725599999907
3.744999999999907 0.7744725499999905
3.7459999999999067 0.7745725399999905
3.7469999999999066 0.7746725299999906
3.7479999999999065 0.7747725199999906
3.7489999999999064 0.7748725099999905
3.7499999999999063 0.7749724999999905
3.750999999999906 0.7750724899999906
3.751999999999906 0.7751724799999906
3.752999999999906 0.7752724699999904
3.753999999999906 0.7753724599999905
3.7549999999999057 0.7754724499999905
3.7559999999999056 0.7755724399999904
3.7569999999999055 0.7756724299999904
3.7579999999999054 0.7757724199999905
3.7589999999999053 0.7758724099999905
3.759999999999905 0.7759723999999903
3.760999999999905 0.7760723899999904
3.761999999999905 0.7761723799999904
3.762999999999905 0.7762723699999905
3.7639999999999048 0.7763723599999903
3.7649999999999046 0.7764723499999904
3.7659999999999045 0.7765723399999904
3.7669999999999044 0.7766723299999903
3.7679999999999043 0.7767723199999903
3.768999999999904 0.7768723099999904
3.769999999999904 0.7769722999999904
3.770999999999904 0.7770722899999902
3.771999999999904 0.7771722799999903
3.7729999999999038 0.7772722699999903
3.7739999999999037 0.7773722599999904
3.7749999999999035 0.7774722499999902
3.7759999999999034 0.7775722399999903
3.7769999999999033 0.7776722299999903
3.777999999999903 0.7777722199999901
3.778999999999903 0.7778722099999902
3.779999999999903 0.7779721999999902
3.780999999999903 0.7780721899999903
3.7819999999999028 0.7781721799999901
3.7829999999999027 0.7782721699999902
3.7839999999999026 0.7783721599999902
3.7849999999999024 0.7784721499999903
3.7859999999999023 0.7785721399999901
3.7869999999999022 0.7786721299999901
3.787999999999902 0.7787721199999902
3.788999999999902 0.77887210999999
3.789999999999902 0.7789720999999901
3.790999999999902 0.7790720899999901
3.7919999999999017 0.7791720799999902
3.7929999999999016 0.77927206999999
3.7939999999999015 0.77937205999999
3.7949999999999013 0.7794720499999901
3.7959999999999012 0.7795720399999901
3.796999999999901 0.77967202999999
3.797999999999901 0.77977201999999
3.798999999999901 0.7798720099999901
3.799999999999901 0.7799719999999899
3.8009999999999007 0.78007198999999
3.8019999999999006 0.78017197999999
3.8029999999999005 0.78027196999999
3.8039999999999003 0.7803719599999899
3.8049999999999002 0.7804719499999899
3.8059999999999 0.78057193999999
3.8069999999999 0.78067192999999
3.8079999999999 0.7807719199999898
3.8089999999999 0.7808719099999899
3.8099999999998997 0.78097189999999
3.8109999999998996 0.7810718899999898
3.8119999999998995 0.7811718799999898
3.8129999999998994 0.7812718699999899
3.8139999999998992 0.7813718599999899
3.814999999999899 0.7814718499999898
3.815999999999899 0.7815718399999898
3.816999999999899 0.7816718299999899
3.817999999999899 0.7817718199999897
3.8189999999998987 0.7818718099999897
3.8199999999998986 0.7819717999999898
3.8209999999998985 0.7820717899999898
3.8219999999998984 0.7821717799999897
3.8229999999998983 0.7822717699999897
3.823999999999898 0.7823717599999898
3.824999999999898 0.7824717499999898
3.825999999999898 0.7825717399999896
3.826999999999898 0.7826717299999897
3.8279999999998977 0.7827717199999897
3.8289999999998976 0.7828717099999896
3.8299999999998975 0.7829716999999896
3.8309999999998974 0.7830716899999897
3.8319999999998973 0.7831716799999897
3.832999999999897 0.7832716699999895
3.833999999999897 0.7833716599999896
3.834999999999897 0.7834716499999896
3.835999999999897 0.7835716399999897
3.8369999999998967 0.7836716299999895
3.8379999999998966 0.7837716199999896
3.8389999999998965 0.7838716099999896
3.8399999999998964 0.7839715999999894
3.8409999999998963 0.7840715899999895
3.841999999999896 0.7841715799999895
3.842999999999896 0.7842715699999896
3.843999999999896 0.7843715599999894
3.844999999999896 0.7844715499999895
3.8459999999998957 0.7845715399999895
3.8469999999998956 0.7846715299999896
3.8479999999998955 0.7847715199999894
3.8489999999998954 0.7848715099999894
3.8499999999998953 0.7849714999999895
3.850999999999895 0.7850714899999893
3.851999999999895 0.7851714799999894
3.852999999999895 0.7852714699999894
3.853999999999895 0.7853714599999895
3.8549999999998947 0.7854714499999893
3.8559999999998946 0.7855714399999894
3.8569999999998945 0.7856714299999894
3.8579999999998944 0.7857714199999895
3.8589999999998943 0.7858714099999893
3.859999999999894 0.7859713999999893
3.860999999999894 0.7860713899999894
3.861999999999894 0.7861713799999892
3.862999999999894 0.7862713699999893
3.8639999999998937 0.7863713599999893
3.8649999999998936 0.7864713499999894
3.8659999999998935 0.7865713399999892
3.8669999999998934 0.7866713299999892
3.8679999999998933 0.7867713199999893
3.868999999999893 0.7868713099999893
3.869999999999893 0.7869712999999892
3.870999999999893 0.7870712899999892
3.871999999999893 0.7871712799999893
3.8729999999998928 0.7872712699999891
3.8739999999998926 0.7873712599999891
3.8749999999998925 0.7874712499999892
3.8759999999998924 0.7875712399999892
3.8769999999998923 0.7876712299999891
3.877999999999892 0.7877712199999891
3.878999999999892 0.7878712099999892
3.879999999999892 0.7879711999999892
3.880999999999892 0.788071189999989
3.8819999999998918 0.7881711799999891
3.8829999999998916 0.7882711699999891
3.8839999999998915 0.788371159999989
3.8849999999998914 0.788471149999989
3.8859999999998913 0.7885711399999891
3.886999999999891 0.7886711299999891
3.887999999999891 0.788771119999989
3.888999999999891 0.788871109999989
3.889999999999891 0.788971099999989
3.8909999999998908 0.7890710899999891
3.8919999999998907 0.7891710799999889
3.8929999999998905 0.789271069999989
3.8939999999998904 0.789371059999989
3.8949999999998903 0.7894710499999888
3.89599999999989 0.7895710399999889
3.89699999999989 0.789671029999989
3.89799999999989 0.789771019999989
3.89899999999989 0.7898710099999888
3.8999999999998898 0.7899709999999889
3.9009999999998897 0.7900709899999889
3.9019999999998896 0.7901709799999888
3.9029999999998894 0.7902709699999888
3.9039999999998893 0.7903709599999889
3.9049999999998892 0.7904709499999889
3.905999999999889 0.7905709399999887
3.906999999999889 0.7906709299999888
3.907999999999889 0.7907709199999888
3.908999999999889 0.7908709099999889
3.9099999999998887 0.7909708999999887
3.9109999999998886 0.7910708899999888
3.9119999999998885 0.7911708799999888
3.9129999999998883 0.7912708699999886
3.9139999999998882 0.7913708599999887
3.914999999999888 0.7914708499999887
3.915999999999888 0.7915708399999888
3.916999999999888 0.7916708299999886
3.917999999999888 0.7917708199999887
3.9189999999998877 0.7918708099999887
3.9199999999998876 0.7919707999999888
3.9209999999998875 0.7920707899999886
3.9219999999998874 0.7921707799999886
3.9229999999998872 0.7922707699999887
3.923999999999887 0.7923707599999885
3.924999999999887 0.7924707499999886
3.925999999999887 0.7925707399999886
3.926999999999887 0.7926707299999887
3.9279999999998867 0.7927707199999885
3.9289999999998866 0.7928707099999885
3.9299999999998865 0.7929706999999886
3.9309999999998864 0.7930706899999886
3.9319999999998863 0.7931706799999885
3.932999999999886 0.7932706699999885
3.933999999999886 0.7933706599999886
3.934999999999886 0.7934706499999884
3.935999999999886 0.7935706399999884
3.9369999999998857 0.7936706299999885
3.9379999999998856 0.7937706199999885
3.9389999999998855 0.7938706099999884
3.9399999999998854 0.7939705999999884
3.9409999999998853 0.7940705899999885
3.941999999999885 0.7941705799999885
3.942999999999885 0.7942705699999884
3.943999999999885 0.7943705599999884
3.944999999999885 0.7944705499999885
3.9459999999998847 0.7945705399999883
3.9469999999998846 0.7946705299999883
3.9479999999998845 0.7947705199999884
3.9489999999998844 0.7948705099999884
3.9499999999998843 0.7949704999999883
3.950999999999884 0.7950704899999883
3.951999999999884 0.7951704799999884
3.952999999999884 0.7952704699999884
3.953999999999884 0.7953704599999882
3.9549999999998837 0.7954704499999883
3.9559999999998836 0.7955704399999883
3.9569999999998835 0.7956704299999882
3.9579999999998834 0.7957704199999882
3.9589999999998833 0.7958704099999883
3.959999999999883 0.7959703999999883
3.960999999999883 0.7960703899999881
3.961999999999883 0.7961703799999882
3.962999999999883 0.7962703699999882
3.9639999999998827 0.7963703599999883
3.9649999999998826 0.7964703499999881
3.9659999999998825 0.7965703399999882
3.9669999999998824 0.7966703299999882
3.9679999999998823 0.796770319999988
3.968999999999882 0.7968703099999881
3.969999999999882 0.7969702999999881
3.970999999999882 0.7970702899999882
3.971999999999882 0.797170279999988
3.9729999999998817 0.7972702699999881
3.9739999999998816 0.7973702599999881
3.9749999999998815 0.7974702499999882
3.9759999999998814 0.797570239999988
3.9769999999998813 0.797670229999988
3.977999999999881 0.7977702199999881
3.978999999999881 0.7978702099999879
3.979999999999881 0.797970199999988
3.980999999999881 0.798070189999988
3.9819999999998807 0.7981701799999881
3.9829999999998806 0.7982701699999879
3.9839999999998805 0.798370159999988
3.9849999999998804 0.798470149999988
3.9859999999998803 0.7985701399999878
3.98699999999988 0.7986701299999879
3.98799999999988 0.7987701199999879
3.98899999999988 0.798870109999988
3.98999999999988 0.7989700999999878
3.9909999999998798 0.7990700899999879
3.9919999999998796 0.7991700799999879
3.9929999999998795 0.799270069999988
3.9939999999998794 0.7993700599999878
3.9949999999998793 0.7994700499999878
3.995999999999879 0.7995700399999879
3.996999999999879 0.7996700299999877
3.997999999999879 0.7997700199999878
3.998999999999879 0.7998700099999878
3.9999999999998788 0.7999699999999879
