2.9 0.31001900000000004
2.901 0.30991901
2.9019999999999997 0.30981901999999995
2.9029999999999996 0.3097190299999999
2.9039999999999995 0.30961904000000007
2.9049999999999994 0.30951905
2.9059999999999993 0.30941905999999997
2.906999999999999 0.30931907000000014
2.907999999999999 0.3092190800000001
2.908999999999999 0.30911909000000004
2.909999999999999 0.3090191
2.9109999999999987 0.30891911000000016
2.9119999999999986 0.3088191200000001
2.9129999999999985 0.30871913000000006
2.9139999999999984 0.30861914
2.9149999999999983 0.3085191500000002
2.915999999999998 0.30841916000000014
2.916999999999998 0.3083191700000001
2.917999999999998 0.30821918000000026
2.918999999999998 0.3081191900000002
2.9199999999999977 0.30801920000000016
2.9209999999999976 0.3079192100000001
2.9219999999999975 0.3078192200000003
2.9229999999999974 0.30771923000000023
2.9239999999999973 0.3076192400000002
2.924999999999997 0.30751925000000013
2.925999999999997 0.3074192600000003
2.926999999999997 0.30731927000000026
2.927999999999997 0.3072192800000002
2.9289999999999967 0.3071192900000004
2.9299999999999966 0.30701930000000033
2.9309999999999965 0.3069193100000003
2.9319999999999964 0.30681932000000023
2.9329999999999963 0.3067193300000004
2.933999999999996 0.30661934000000035
2.934999999999996 0.3065193500000003
2.935999999999996 0.30641936000000025
2.936999999999996 0.3063193700000004
2.9379999999999957 0.3062193800000004
2.9389999999999956 0.3061193900000003
2.9399999999999955 0.3060194000000005
2.9409999999999954 0.30591941000000045
2.9419999999999953 0.3058194200000004
2.942999999999995 0.30571943000000035
2.943999999999995 0.3056194400000005
2.944999999999995 0.30551945000000047
2.945999999999995 0.3054194600000004
2.9469999999999947 0.30531947000000037
2.9479999999999946 0.30521948000000054
2.9489999999999945 0.3051194900000005
2.9499999999999944 0.30501950000000044
2.9509999999999943 0.3049195100000006
2.951999999999994 0.30481952000000057
2.952999999999994 0.3047195300000005
2.953999999999994 0.30461954000000047
2.954999999999994 0.30451955000000064
2.9559999999999937 0.3044195600000006
2.9569999999999936 0.30431957000000054
2.9579999999999935 0.3042195800000007
2.9589999999999934 0.30411959000000066
2.9599999999999933 0.3040196000000006
2.960999999999993 0.30391961000000056
2.961999999999993 0.30381962000000073
2.962999999999993 0.3037196300000007
2.963999999999993 0.30361964000000063
2.9649999999999928 0.3035196500000006
2.9659999999999926 0.30341966000000076
2.9669999999999925 0.3033196700000007
2.9679999999999924 0.30321968000000066
2.9689999999999923 0.30311969000000083
2.969999999999992 0.3030197000000008
2.970999999999992 0.30291971000000073
2.971999999999992 0.3028197200000007
2.972999999999992 0.30271973000000085
2.9739999999999918 0.3026197400000008
2.9749999999999917 0.30251975000000075
2.9759999999999915 0.3024197600000007
2.9769999999999914 0.3023197700000009
2.9779999999999913 0.3022197800000008
2.978999999999991 0.3021197900000008
2.979999999999991 0.30201980000000095
2.980999999999991 0.3019198100000009
2.981999999999991 0.30181982000000085
2.9829999999999908 0.3017198300000008
2.9839999999999907 0.30161984000000097
2.9849999999999905 0.3015198500000009
2.9859999999999904 0.30141986000000087
2.9869999999999903 0.3013198700000008
2.98799999999999 0.301219880000001
2.98899999999999 0.30111989000000094
2.98999999999999 0.3010199000000009
2.99099999999999 0.30091991000000107
2.99199999999999 0.300819920000001
2.9929999999999897 0.30071993000000097
2.9939999999999896 0.3006199400000009
2.9949999999999894 0.3005199500000011
2.9959999999999893 0.30041996000000104
2.9969999999999892 0.300319970000001
2.997999999999989 0.30021998000000094
2.998999999999989 0.3001199900000011
2.999999999999989 0.30002000000000106
3.000999999999989 0.299920010000001
3.0019999999999887 0.2998200200000012
3.0029999999999886 0.29972003000000114
3.0039999999999885 0.2996200400000011
3.0049999999999883 0.29952005000000104
3.0059999999999882 0.2994200600000012
3.006999999999988 0.29932007000000116
3.007999999999988 0.2992200800000011
3.008999999999988 0.29912009000000106
3.009999999999988 0.29902010000000123
3.0109999999999877 0.2989201100000012
3.0119999999999876 0.29882012000000113
3.0129999999999875 0.2987201300000013
3.0139999999999874 0.29862014000000126
3.0149999999999872 0.2985201500000012
3.015999999999987 0.29842016000000116
3.016999999999987 0.29832017000000133
3.017999999999987 0.2982201800000013
3.018999999999987 0.29812019000000123
3.0199999999999867 0.2980202000000012
3.0209999999999866 0.29792021000000135
3.0219999999999865 0.2978202200000013
3.0229999999999864 0.29772023000000125
3.0239999999999863 0.2976202400000014
3.024999999999986 0.2975202500000014
3.025999999999986 0.2974202600000013
3.026999999999986 0.2973202700000013
3.027999999999986 0.29722028000000145
3.0289999999999857 0.2971202900000014
3.0299999999999856 0.29702030000000135
3.0309999999999855 0.2969203100000013
3.0319999999999854 0.29682032000000147
3.0329999999999853 0.2967203300000014
3.033999999999985 0.29662034000000137
3.034999999999985 0.29652035000000154
3.035999999999985 0.2964203600000015
3.036999999999985 0.29632037000000144
3.0379999999999847 0.2962203800000014
3.0389999999999846 0.29612039000000157
3.0399999999999845 0.2960204000000015
3.0409999999999844 0.29592041000000147
3.0419999999999843 0.2958204200000014
3.042999999999984 0.2957204300000016
3.043999999999984 0.29562044000000154
3.044999999999984 0.2955204500000015
3.045999999999984 0.29542046000000166
3.0469999999999837 0.2953204700000016
3.0479999999999836 0.29522048000000156
3.0489999999999835 0.2951204900000015
3.0499999999999834 0.2950205000000017
3.0509999999999833 0.29492051000000163
3.051999999999983 0.2948205200000016
3.052999999999983 0.29472053000000176
3.053999999999983 0.2946205400000017
3.054999999999983 0.29452055000000166
3.0559999999999827 0.2944205600000016
3.0569999999999826 0.2943205700000018
3.0579999999999825 0.29422058000000173
3.0589999999999824 0.2941205900000017
3.0599999999999823 0.29402060000000163
3.060999999999982 0.2939206100000018
3.061999999999982 0.29382062000000175
3.062999999999982 0.2937206300000017
3.063999999999982 0.2936206400000019
3.0649999999999817 0.2935206500000018
3.0659999999999816 0.2934206600000018
3.0669999999999815 0.2933206700000017
3.0679999999999814 0.2932206800000019
3.0689999999999813 0.29312069000000185
3.069999999999981 0.2930207000000018
3.070999999999981 0.29292071000000175
3.071999999999981 0.2928207200000019
3.072999999999981 0.29272073000000187
3.0739999999999807 0.2926207400000018
3.0749999999999806 0.292520750000002
3.0759999999999805 0.29242076000000194
3.0769999999999804 0.2923207700000019
3.0779999999999803 0.29222078000000185
3.07899999999998 0.292120790000002
3.07999999999998 0.29202080000000197
3.08099999999998 0.2919208100000019
3.08199999999998 0.29182082000000187
3.0829999999999798 0.29172083000000204
3.0839999999999796 0.291620840000002
3.0849999999999795 0.29152085000000194
3.0859999999999794 0.2914208600000021
3.0869999999999793 0.29132087000000206
3.087999999999979 0.291220880000002
3.088999999999979 0.29112089000000196
3.089999999999979 0.29102090000000214
3.090999999999979 0.2909209100000021
3.0919999999999788 0.29082092000000204
3.0929999999999787 0.290720930000002
3.0939999999999785 0.29062094000000216
3.0949999999999784 0.2905209500000021
3.0959999999999783 0.29042096000000206
3.096999999999978 0.29032097000000223
3.097999999999978 0.2902209800000022
3.098999999999978 0.29012099000000213
3.099999999999978 0.2900210000000021
3.1009999999999778 0.28992101000000225
3.1019999999999777 0.2898210200000022
3.1029999999999776 0.28972103000000216
3.1039999999999774 0.2896210400000021
3.1049999999999773 0.2895210500000023
3.1059999999999772 0.28942106000000223
3.106999999999977 0.2893210700000022
3.107999999999977 0.28922108000000235
3.108999999999977 0.2891210900000023
3.109999999999977 0.28902110000000225
3.1109999999999767 0.2889211100000022
3.1119999999999766 0.2888211200000024
3.1129999999999765 0.2887211300000023
3.1139999999999763 0.2886211400000023
3.1149999999999762 0.2885211500000022
3.115999999999976 0.2884211600000024
3.116999999999976 0.28832117000000235
3.117999999999976 0.2882211800000023
3.118999999999976 0.28812119000000247
3.1199999999999757 0.2880212000000024
3.1209999999999756 0.28792121000000237
3.1219999999999755 0.2878212200000023
3.1229999999999754 0.2877212300000025
3.1239999999999752 0.28762124000000244
3.124999999999975 0.2875212500000024
3.125999999999975 0.28742126000000234
3.126999999999975 0.2873212700000025
3.127999999999975 0.28722128000000247
3.1289999999999747 0.2871212900000024
3.1299999999999746 0.2870213000000026
3.1309999999999745 0.28692131000000254
3.1319999999999744 0.2868213200000025
3.1329999999999742 0.28672133000000244
3.133999999999974 0.2866213400000026
3.134999999999974 0.28652135000000256
3.135999999999974 0.2864213600000025
3.136999999999974 0.28632137000000246
3.1379999999999737 0.28622138000000263
3.1389999999999736 0.2861213900000026
3.1399999999999735 0.28602140000000253
3.1409999999999734 0.2859214100000027
3.1419999999999733 0.28582142000000266
3.142999999999973 0.2857214300000026
3.143999999999973 0.28562144000000256
3.144999999999973 0.28552145000000273
3.145999999999973 0.2854214600000027
3.1469999999999727 0.28532147000000263
3.1479999999999726 0.2852214800000026
3.1489999999999725 0.28512149000000275
3.1499999999999724 0.2850215000000027
3.1509999999999723 0.28492151000000265
3.151999999999972 0.2848215200000028
3.152999999999972 0.2847215300000028
3.153999999999972 0.2846215400000027
3.154999999999972 0.2845215500000027
3.1559999999999717 0.28442156000000285
3.1569999999999716 0.2843215700000028
3.1579999999999715 0.28422158000000275
3.1589999999999714 0.2841215900000029
3.1599999999999713 0.28402160000000287
3.160999999999971 0.2839216100000028
3.161999999999971 0.28382162000000277
3.162999999999971 0.28372163000000294
3.163999999999971 0.2836216400000029
3.1649999999999707 0.28352165000000285
3.1659999999999706 0.2834216600000028
3.1669999999999705 0.28332167000000297
3.1679999999999704 0.2832216800000029
3.1689999999999703 0.28312169000000287
3.16999999999997 0.28302170000000304
3.17099999999997 0.282921710000003
3.17199999999997 0.28282172000000294
3.17299999999997 0.2827217300000029
3.1739999999999697 0.28262174000000306
3.1749999999999696 0.282521750000003
3.1759999999999695 0.28242176000000296
3.1769999999999694 0.2823217700000029
3.1779999999999693 0.2822217800000031
3.178999999999969 0.28212179000000304
3.179999999999969 0.282021800000003
3.180999999999969 0.28192181000000316
3.181999999999969 0.2818218200000031
3.1829999999999687 0.28172183000000306
3.1839999999999686 0.281621840000003
3.1849999999999685 0.2815218500000032
3.1859999999999684 0.28142186000000313
3.1869999999999683 0.2813218700000031
3.187999999999968 0.28122188000000303
3.188999999999968 0.2811218900000032
3.189999999999968 0.28102190000000316
3.190999999999968 0.2809219100000031
3.1919999999999678 0.2808219200000033
3.1929999999999676 0.28072193000000323
3.1939999999999675 0.2806219400000032
3.1949999999999674 0.28052195000000313
3.1959999999999673 0.2804219600000033
3.196999999999967 0.28032197000000325
3.197999999999967 0.2802219800000032
3.198999999999967 0.28012199000000315
3.199999999999967 0.2800220000000033
3.2009999999999668 0.2799220100000033
3.2019999999999667 0.2798220200000032
3.2029999999999665 0.2797220300000034
3.2039999999999664 0.27962204000000335
3.2049999999999663 0.2795220500000033
3.205999999999966 0.27942206000000325
3.206999999999966 0.2793220700000034
3.207999999999966 0.27922208000000337
3.208999999999966 0.2791220900000033
3.2099999999999658 0.27902210000000327
3.2109999999999657 0.27892211000000344
3.2119999999999655 0.2788221200000034
3.2129999999999654 0.27872213000000334
3.2139999999999653 0.2786221400000035
3.214999999999965 0.27852215000000347
3.215999999999965 0.2784221600000034
3.216999999999965 0.27832217000000337
3.217999999999965 0.27822218000000354
3.218999999999965 0.2781221900000035
3.2199999999999647 0.27802220000000344
3.2209999999999646 0.2779222100000034
3.2219999999999644 0.27782222000000356
3.2229999999999643 0.2777222300000035
3.2239999999999642 0.27762224000000346
3.224999999999964 0.27752225000000363
3.225999999999964 0.2774222600000036
3.226999999999964 0.27732227000000353
3.227999999999964 0.2772222800000035
3.2289999999999637 0.27712229000000366
3.2299999999999636 0.2770223000000036
3.2309999999999635 0.27692231000000356
3.2319999999999633 0.2768223200000035
3.2329999999999632 0.2767223300000037
3.233999999999963 0.27662234000000363
3.234999999999963 0.2765223500000036
3.235999999999963 0.27642236000000375
3.236999999999963 0.2763223700000037
3.2379999999999627 0.27622238000000365
3.2389999999999626 0.2761223900000036
3.2399999999999625 0.2760224000000038
3.2409999999999624 0.2759224100000037
3.2419999999999622 0.2758224200000037
3.242999999999962 0.2757224300000036
3.243999999999962 0.2756224400000038
3.244999999999962 0.27552245000000375
3.245999999999962 0.2754224600000037
3.2469999999999617 0.27532247000000387
3.2479999999999616 0.2752224800000038
3.2489999999999615 0.27512249000000377
3.2499999999999614 0.2750225000000037
3.2509999999999613 0.2749225100000039
3.251999999999961 0.27482252000000384
3.252999999999961 0.2747225300000038
3.253999999999961 0.27462254000000375
3.254999999999961 0.2745225500000039
3.2559999999999607 0.27442256000000387
3.2569999999999606 0.2743225700000038
3.2579999999999605 0.274222580000004
3.2589999999999604 0.27412259000000394
3.2599999999999603 0.2740226000000039
3.26099999999996 0.27392261000000384
3.26199999999996 0.273822620000004
3.26299999999996 0.27372263000000396
3.26399999999996 0.2736226400000039
3.2649999999999597 0.2735226500000041
3.2659999999999596 0.27342266000000404
3.2669999999999595 0.273322670000004
3.2679999999999594 0.27322268000000394
3.2689999999999593 0.2731226900000041
3.269999999999959 0.27302270000000406
3.270999999999959 0.272922710000004
3.271999999999959 0.27282272000000396
3.272999999999959 0.27272273000000413
3.2739999999999587 0.2726227400000041
3.2749999999999586 0.27252275000000403
3.2759999999999585 0.2724227600000042
3.2769999999999584 0.27232277000000416
3.2779999999999583 0.2722227800000041
3.278999999999958 0.27212279000000406
3.279999999999958 0.27202280000000423
3.280999999999958 0.2719228100000042
3.281999999999958 0.27182282000000413
3.2829999999999577 0.2717228300000041
3.2839999999999576 0.27162284000000425
3.2849999999999575 0.2715228500000042
3.2859999999999574 0.27142286000000415
3.2869999999999573 0.2713228700000043
3.287999999999957 0.2712228800000043
3.288999999999957 0.2711228900000042
3.289999999999957 0.2710229000000042
3.290999999999957 0.27092291000000435
3.2919999999999567 0.2708229200000043
3.2929999999999566 0.27072293000000425
3.2939999999999565 0.2706229400000042
3.2949999999999564 0.27052295000000437
3.2959999999999563 0.2704229600000043
3.296999999999956 0.27032297000000427
3.297999999999956 0.27022298000000444
3.298999999999956 0.2701229900000044
3.299999999999956 0.27002300000000434
3.3009999999999557 0.2699230100000043
3.3019999999999556 0.26982302000000447
3.3029999999999555 0.2697230300000044
3.3039999999999554 0.26962304000000437
3.3049999999999553 0.2695230500000043
3.305999999999955 0.2694230600000045
3.306999999999955 0.26932307000000444
3.307999999999955 0.2692230800000044
3.308999999999955 0.26912309000000456
3.3099999999999548 0.2690231000000045
3.3109999999999546 0.26892311000000446
3.3119999999999545 0.2688231200000044
3.3129999999999544 0.2687231300000046
3.3139999999999543 0.26862314000000453
3.314999999999954 0.2685231500000045
3.315999999999954 0.26842316000000443
3.316999999999954 0.2683231700000046
3.317999999999954 0.26822318000000456
3.3189999999999538 0.2681231900000045
3.3199999999999537 0.2680232000000047
3.3209999999999535 0.26792321000000463
3.3219999999999534 0.2678232200000046
3.3229999999999533 0.26772323000000453
3.323999999999953 0.2676232400000047
3.324999999999953 0.26752325000000465
3.325999999999953 0.2674232600000046
3.326999999999953 0.26732327000000455
3.3279999999999528 0.2672232800000047
3.3289999999999527 0.2671232900000047
3.3299999999999526 0.2670233000000046
3.3309999999999524 0.2669233100000048
3.3319999999999523 0.26682332000000475
3.3329999999999522 0.2667233300000047
3.333999999999952 0.26662334000000465
3.334999999999952 0.2665233500000048
3.335999999999952 0.26642336000000477
3.336999999999952 0.2663233700000047
3.3379999999999517 0.2662233800000047
3.3389999999999516 0.26612339000000484
3.3399999999999515 0.2660234000000048
3.3409999999999513 0.26592341000000475
3.3419999999999512 0.2658234200000049
3.342999999999951 0.26572343000000487
3.343999999999951 0.2656234400000048
3.344999999999951 0.26552345000000477
3.345999999999951 0.26542346000000494
3.3469999999999507 0.2653234700000049
3.3479999999999506 0.26522348000000484
3.3489999999999505 0.2651234900000048
3.3499999999999504 0.26502350000000496
3.3509999999999502 0.2649235100000049
3.35199999999995 0.26482352000000486
3.35299999999995 0.26472353000000504
3.35399999999995 0.264623540000005
3.35499999999995 0.26452355000000494
3.3559999999999497 0.2644235600000049
3.3569999999999496 0.26432357000000506
3.3579999999999495 0.264223580000005
3.3589999999999494 0.26412359000000496
3.3599999999999492 0.2640236000000049
3.360999999999949 0.2639236100000051
3.361999999999949 0.26382362000000503
3.362999999999949 0.263723630000005
3.363999999999949 0.26362364000000515
3.3649999999999487 0.2635236500000051
3.3659999999999486 0.26342366000000506
3.3669999999999485 0.263323670000005
3.3679999999999484 0.2632236800000052
3.3689999999999483 0.26312369000000513
3.369999999999948 0.2630237000000051
3.370999999999948 0.26292371000000525
3.371999999999948 0.2628237200000052
3.372999999999948 0.26272373000000515
3.3739999999999477 0.2626237400000051
3.3749999999999476 0.2625237500000053
3.3759999999999475 0.2624237600000052
3.3769999999999474 0.2623237700000052
3.3779999999999473 0.2622237800000051
3.378999999999947 0.2621237900000053
3.379999999999947 0.26202380000000525
3.380999999999947 0.2619238100000052
3.381999999999947 0.26182382000000537
3.3829999999999467 0.2617238300000053
3.3839999999999466 0.26162384000000527
3.3849999999999465 0.2615238500000052
3.3859999999999464 0.2614238600000054
3.3869999999999463 0.26132387000000534
3.387999999999946 0.2612238800000053
3.388999999999946 0.26112389000000524
3.389999999999946 0.2610239000000054
3.390999999999946 0.26092391000000537
3.3919999999999457 0.2608239200000053
3.3929999999999456 0.2607239300000055
3.3939999999999455 0.26062394000000544
3.3949999999999454 0.2605239500000054
3.3959999999999453 0.26042396000000534
3.396999999999945 0.2603239700000055
3.397999999999945 0.26022398000000546
3.398999999999945 0.2601239900000054
3.399999999999945 0.26002400000000536
3.4009999999999447 0.25992401000000553
3.4019999999999446 0.2598240200000055
3.4029999999999445 0.25972403000000543
3.4039999999999444 0.2596240400000056
3.4049999999999443 0.25952405000000556
3.405999999999944 0.2594240600000055
3.406999999999944 0.25932407000000546
3.407999999999944 0.25922408000000563
3.408999999999944 0.2591240900000056
3.4099999999999437 0.25902410000000553
3.4109999999999436 0.2589241100000055
3.4119999999999435 0.25882412000000565
3.4129999999999434 0.2587241300000056
3.4139999999999433 0.25862414000000555
3.414999999999943 0.2585241500000057
3.415999999999943 0.2584241600000057
3.416999999999943 0.2583241700000056
3.417999999999943 0.2582241800000056
3.4189999999999428 0.25812419000000575
3.4199999999999426 0.2580242000000057
3.4209999999999425 0.25792421000000565
3.4219999999999424 0.2578242200000056
3.4229999999999423 0.25772423000000577
3.423999999999942 0.2576242400000057
3.424999999999942 0.25752425000000567
3.425999999999942 0.25742426000000584
3.426999999999942 0.2573242700000058
3.4279999999999418 0.25722428000000574
3.4289999999999417 0.2571242900000057
3.4299999999999415 0.25702430000000587
3.4309999999999414 0.2569243100000058
3.4319999999999413 0.25682432000000577
3.432999999999941 0.2567243300000057
3.433999999999941 0.2566243400000059
3.434999999999941 0.25652435000000584
3.435999999999941 0.2564243600000058
3.4369999999999408 0.25632437000000596
3.4379999999999407 0.2562243800000059
3.4389999999999405 0.25612439000000586
3.4399999999999404 0.2560244000000058
3.4409999999999403 0.255924410000006
3.44199999999994 0.25582442000000594
3.44299999999994 0.2557244300000059
3.44399999999994 0.25562444000000584
3.44499999999994 0.255524450000006
3.4459999999999398 0.25542446000000596
3.4469999999999397 0.2553244700000059
3.4479999999999396 0.2552244800000061
3.4489999999999394 0.25512449000000603
3.4499999999999393 0.255024500000006
3.4509999999999392 0.25492451000000593
3.451999999999939 0.2548245200000061
3.452999999999939 0.25472453000000606
3.453999999999939 0.254624540000006
3.454999999999939 0.25452455000000596
3.4559999999999387 0.25442456000000613
3.4569999999999386 0.2543245700000061
3.4579999999999385 0.25422458000000603
3.4589999999999383 0.2541245900000062
3.4599999999999382 0.25402460000000615
3.460999999999938 0.2539246100000061
3.461999999999938 0.25382462000000605
3.462999999999938 0.2537246300000062
3.463999999999938 0.2536246400000062
3.4649999999999377 0.2535246500000061
3.4659999999999376 0.2534246600000061
3.4669999999999375 0.25332467000000625
3.4679999999999374 0.2532246800000062
3.4689999999999372 0.25312469000000615
3.469999999999937 0.2530247000000063
3.470999999999937 0.25292471000000627
3.471999999999937 0.2528247200000062
3.472999999999937 0.25272473000000617
3.4739999999999367 0.25262474000000634
3.4749999999999366 0.2525247500000063
3.4759999999999365 0.25242476000000624
3.4769999999999364 0.2523247700000064
3.4779999999999363 0.25222478000000637
3.478999999999936 0.2521247900000063
3.479999999999936 0.25202480000000627
3.480999999999936 0.25192481000000644
3.481999999999936 0.2518248200000064
3.4829999999999357 0.25172483000000634
3.4839999999999356 0.2516248400000063
3.4849999999999355 0.25152485000000646
3.4859999999999354 0.2514248600000064
3.4869999999999353 0.25132487000000636
3.487999999999935 0.25122488000000653
3.488999999999935 0.2511248900000065
3.489999999999935 0.25102490000000643
3.490999999999935 0.2509249100000064
3.4919999999999347 0.25082492000000656
3.4929999999999346 0.2507249300000065
3.4939999999999345 0.25062494000000646
3.4949999999999344 0.2505249500000064
3.4959999999999343 0.2504249600000066
3.496999999999934 0.25032497000000653
3.497999999999934 0.2502249800000065
3.498999999999934 0.25012499000000665
3.499999999999934 0.2500250000000066
3.5009999999999337 0.24992501000000655
3.5019999999999336 0.2498250200000065
3.5029999999999335 0.24972503000000668
3.5039999999999334 0.24962504000000663
3.5049999999999333 0.24952505000000658
3.505999999999933 0.24942506000000653
3.506999999999933 0.2493250700000067
3.507999999999933 0.24922508000000665
3.508999999999933 0.2491250900000066
3.5099999999999327 0.24902510000000677
3.5109999999999326 0.24892511000000672
3.5119999999999325 0.24882512000000667
3.5129999999999324 0.24872513000000662
3.5139999999999323 0.2486251400000068
3.514999999999932 0.24852515000000674
3.515999999999932 0.2484251600000067
3.516999999999932 0.24832517000000665
3.517999999999932 0.24822518000000682
3.5189999999999317 0.24812519000000677
3.5199999999999316 0.24802520000000672
3.5209999999999315 0.2479252100000069
3.5219999999999314 0.24782522000000684
3.5229999999999313 0.2477252300000068
3.523999999999931 0.24762524000000674
3.524999999999931 0.2475252500000069
3.525999999999931 0.24742526000000686
3.526999999999931 0.2473252700000068
3.5279999999999307 0.24722528000000676
3.5289999999999306 0.24712529000000694
3.5299999999999305 0.2470253000000069
3.5309999999999304 0.24692531000000684
3.5319999999999303 0.246825320000007
3.53299999999993 0.24672533000000696
3.53399999999993 0.2466253400000069
3.53499999999993 0.24652535000000686
3.53599999999993 0.24642536000000703
3.5369999999999298 0.24632537000000698
3.5379999999999296 0.24622538000000693
3.5389999999999295 0.24612539000000688
3.5399999999999294 0.24602540000000706
3.5409999999999293 0.245925410000007
3.541999999999929 0.24582542000000696
3.542999999999929 0.24572543000000713
3.543999999999929 0.24562544000000708
3.544999999999929 0.24552545000000703
3.5459999999999288 0.24542546000000698
3.5469999999999287 0.24532547000000715
3.5479999999999285 0.2452254800000071
3.5489999999999284 0.24512549000000705
3.5499999999999283 0.245025500000007
3.550999999999928 0.24492551000000717
3.551999999999928 0.24482552000000712
3.552999999999928 0.24472553000000707
3.553999999999928 0.24462554000000725
3.5549999999999278 0.2445255500000072
3.5559999999999277 0.24442556000000715
3.5569999999999276 0.2443255700000071
3.5579999999999274 0.24422558000000727
3.5589999999999273 0.24412559000000722
3.5599999999999272 0.24402560000000717
3.560999999999927 0.24392561000000712
3.561999999999927 0.2438256200000073
3.562999999999927 0.24372563000000724
3.563999999999927 0.2436256400000072
3.5649999999999267 0.24352565000000737
3.5659999999999266 0.24342566000000732
3.5669999999999265 0.24332567000000727
3.5679999999999263 0.24322568000000722
3.5689999999999262 0.2431256900000074
3.569999999999926 0.24302570000000734
3.570999999999926 0.2429257100000073
3.571999999999926 0.24282572000000724
3.572999999999926 0.2427257300000074
3.5739999999999257 0.24262574000000736
3.5749999999999256 0.2425257500000073
3.5759999999999255 0.24242576000000748
3.5769999999999254 0.24232577000000743
3.5779999999999252 0.24222578000000738
3.578999999999925 0.24212579000000733
3.579999999999925 0.2420258000000075
3.580999999999925 0.24192581000000746
3.581999999999925 0.2418258200000074
3.5829999999999247 0.24172583000000758
3.5839999999999246 0.24162584000000753
3.5849999999999245 0.24152585000000748
3.5859999999999244 0.24142586000000743
3.5869999999999242 0.2413258700000076
3.587999999999924 0.24122588000000755
3.588999999999924 0.2411258900000075
3.589999999999924 0.24102590000000745
3.590999999999924 0.24092591000000763
3.5919999999999237 0.24082592000000758
3.5929999999999236 0.24072593000000753
3.5939999999999235 0.2406259400000077
3.5949999999999234 0.24052595000000765
3.5959999999999233 0.2404259600000076
3.596999999999923 0.24032597000000755
3.597999999999923 0.24022598000000772
3.598999999999923 0.24012599000000767
3.599999999999923 0.24002600000000762
3.6009999999999227 0.23992601000000757
3.6019999999999226 0.23982602000000774
3.6029999999999225 0.2397260300000077
3.6039999999999224 0.23962604000000765
3.6049999999999223 0.23952605000000782
3.605999999999922 0.23942606000000777
3.606999999999922 0.23932607000000772
3.607999999999922 0.23922608000000767
3.608999999999922 0.23912609000000784
3.6099999999999217 0.2390261000000078
3.6109999999999216 0.23892611000000774
3.6119999999999215 0.2388261200000077
3.6129999999999214 0.23872613000000786
3.6139999999999213 0.2386261400000078
3.614999999999921 0.23852615000000776
3.615999999999921 0.23842616000000794
3.616999999999921 0.2383261700000079
3.617999999999921 0.23822618000000784
3.6189999999999207 0.2381261900000078
3.6199999999999206 0.23802620000000796
3.6209999999999205 0.2379262100000079
3.6219999999999204 0.23782622000000786
3.6229999999999203 0.2377262300000078
3.62399999999992 0.23762624000000798
3.62499999999992 0.23752625000000793
3.62599999999992 0.23742626000000788
3.62699999999992 0.23732627000000805
3.6279999999999197 0.237226280000008
3.6289999999999196 0.23712629000000796
3.6299999999999195 0.2370263000000079
3.6309999999999194 0.23692631000000808
3.6319999999999193 0.23682632000000803
3.632999999999919 0.23672633000000798
3.633999999999919 0.23662634000000793
3.634999999999919 0.2365263500000081
3.635999999999919 0.23642636000000805
3.6369999999999187 0.236326370000008
3.6379999999999186 0.23622638000000817
3.6389999999999185 0.23612639000000812
3.6399999999999184 0.23602640000000807
3.6409999999999183 0.23592641000000802
3.641999999999918 0.2358264200000082
3.642999999999918 0.23572643000000815
3.643999999999918 0.2356264400000081
3.644999999999918 0.23552645000000805
3.6459999999999178 0.23542646000000822
3.6469999999999176 0.23532647000000817
3.6479999999999175 0.23522648000000812
3.6489999999999174 0.2351264900000083
3.6499999999999173 0.23502650000000824
3.650999999999917 0.2349265100000082
3.651999999999917 0.23482652000000814
3.652999999999917 0.23472653000000832
3.653999999999917 0.23462654000000827
3.6549999999999168 0.23452655000000822
3.6559999999999166 0.23442656000000817
3.6569999999999165 0.23432657000000834
3.6579999999999164 0.2342265800000083
3.6589999999999163 0.23412659000000824
3.659999999999916 0.2340266000000084
3.660999999999916 0.23392661000000836
3.661999999999916 0.2338266200000083
3.662999999999916 0.23372663000000826
3.6639999999999158 0.23362664000000843
3.6649999999999157 0.23352665000000838
3.6659999999999155 0.23342666000000833
3.6669999999999154 0.23332667000000828
3.6679999999999153 0.23322668000000846
3.668999999999915 0.2331266900000084
3.669999999999915 0.23302670000000836
3.670999999999915 0.23292671000000853
3.671999999999915 0.23282672000000848
3.6729999999999148 0.23272673000000843
3.6739999999999147 0.23262674000000838
3.6749999999999146 0.23252675000000855
3.6759999999999144 0.2324267600000085
3.6769999999999143 0.23232677000000845
3.6779999999999142 0.2322267800000084
3.678999999999914 0.23212679000000858
3.679999999999914 0.23202680000000853
3.680999999999914 0.23192681000000848
3.681999999999914 0.23182682000000865
3.6829999999999137 0.2317268300000086
3.6839999999999136 0.23162684000000855
3.6849999999999135 0.2315268500000085
3.6859999999999133 0.23142686000000867
3.6869999999999132 0.23132687000000862
3.687999999999913 0.23122688000000857
3.688999999999913 0.23112689000000874
3.689999999999913 0.2310269000000087
3.690999999999913 0.23092691000000864
3.6919999999999127 0.2308269200000086
3.6929999999999126 0.23072693000000877
3.6939999999999125 0.23062694000000872
3.6949999999999124 0.23052695000000867
3.6959999999999122 0.23042696000000862
3.696999999999912 0.2303269700000088
3.697999999999912 0.23022698000000874
3.698999999999912 0.2301269900000087
3.699999999999912 0.23002700000000886
3.7009999999999117 0.2299270100000088
3.7019999999999116 0.22982702000000876
3.7029999999999115 0.22972703000000871
3.7039999999999114 0.2296270400000089
3.7049999999999113 0.22952705000000884
3.705999999999911 0.2294270600000088
3.706999999999911 0.22932707000000874
3.707999999999911 0.2292270800000089
3.708999999999911 0.22912709000000886
3.7099999999999107 0.2290271000000088
3.7109999999999106 0.22892711000000898
3.7119999999999105 0.22882712000000893
3.7129999999999104 0.22872713000000888
3.7139999999999103 0.22862714000000883
3.71499999999991 0.228527150000009
3.71599999999991 0.22842716000000896
3.71699999999991 0.2283271700000089
3.71799999999991 0.22822718000000886
3.7189999999999097 0.22812719000000903
3.7199999999999096 0.22802720000000898
3.7209999999999095 0.22792721000000893
3.7219999999999094 0.2278272200000091
3.7229999999999093 0.22772723000000905
3.723999999999909 0.227627240000009
3.724999999999909 0.22752725000000895
3.725999999999909 0.22742726000000912
3.726999999999909 0.22732727000000907
3.7279999999999087 0.22722728000000902
3.7289999999999086 0.22712729000000897
3.7299999999999085 0.22702730000000915
3.7309999999999084 0.2269273100000091
3.7319999999999083 0.22682732000000905
3.732999999999908 0.22672733000000922
3.733999999999908 0.22662734000000917
3.734999999999908 0.22652735000000912
3.735999999999908 0.22642736000000907
3.7369999999999077 0.22632737000000924
3.7379999999999076 0.2262273800000092
3.7389999999999075 0.22612739000000914
3.7399999999999074 0.2260274000000091
3.7409999999999073 0.22592741000000927
3.741999999999907 0.22582742000000922
3.742999999999907 0.22572743000000917
3.743999999999907 0.22562744000000934
3.744999999999907 0.2255274500000093
3.7459999999999067 0.22542746000000924
3.7469999999999066 0.2253274700000092
3.7479999999999065 0.22522748000000936
3.7489999999999064 0.2251274900000093
3.7499999999999063 0.22502750000000926
3.750999999999906 0.2249275100000092
3.751999999999906 0.22482752000000938
3.752999999999906 0.22472753000000933
3.753999999999906 0.22462754000000928
3.7549999999999057 0.22452755000000946
3.7559999999999056 0.2244275600000094
3.7569999999999055 0.22432757000000936
3.7579999999999054 0.2242275800000093
3.7589999999999053 0.22412759000000948
3.759999999999905 0.22402760000000943
3.760999999999905 0.22392761000000938
3.761999999999905 0.22382762000000933
3.762999999999905 0.2237276300000095
3.7639999999999048 0.22362764000000945
3.7649999999999046 0.2235276500000094
3.7659999999999045 0.22342766000000958
3.7669999999999044 0.22332767000000953
3.7679999999999043 0.22322768000000948
3.768999999999904 0.22312769000000943
3.769999999999904 0.2230277000000096
3.770999999999904 0.22292771000000955
3.771999999999904 0.2228277200000095
3.7729999999999038 0.22272773000000945
3.7739999999999037 0.22262774000000962
3.7749999999999035 0.22252775000000957
3.7759999999999034 0.22242776000000952
3.7769999999999033 0.2223277700000097
3.777999999999903 0.22222778000000964
3.778999999999903 0.2221277900000096
3.779999999999903 0.22202780000000955
3.780999999999903 0.22192781000000972
3.7819999999999028 0.22182782000000967
3.7829999999999027 0.22172783000000962
3.7839999999999026 0.22162784000000957
3.7849999999999024 0.22152785000000974
3.7859999999999023 0.2214278600000097
3.7869999999999022 0.22132787000000964
3.787999999999902 0.2212278800000098
3.788999999999902 0.22112789000000976
3.789999999999902 0.2210279000000097
3.790999999999902 0.22092791000000966
3.7919999999999017 0.22082792000000984
3.7929999999999016 0.2207279300000098
3.7939999999999015 0.22062794000000974
3.7949999999999013 0.2205279500000099
3.7959999999999012 0.22042796000000986
3.796999999999901 0.2203279700000098
3.797999999999901 0.22022798000000976
3.798999999999901 0.22012799000000993
3.799999999999901 0.22002800000000988
3.8009999999999007 0.21992801000000983
3.8019999999999006 0.21982802000000978
3.8029999999999005 0.21972803000000996
3.8039999999999003 0.2196280400000099
3.8049999999999002 0.21952805000000986
3.8059999999999 0.21942806000001003
3.8069999999999 0.21932807000000998
3.8079999999999 0.21922808000000993
3.8089999999999 0.21912809000000988
3.8099999999998997 0.21902810000001005
3.8109999999998996 0.21892811000001
3.8119999999998995 0.21882812000000995
3.8129999999998994 0.2187281300000099
3.8139999999998992 0.21862814000001007
3.814999999999899 0.21852815000001002
3.815999999999899 0.21842816000000997
3.816999999999899 0.21832817000001015
3.817999999999899 0.2182281800000101
3.8189999999998987 0.21812819000001005
3.8199999999998986 0.21802820000001
3.8209999999998985 0.21792821000001017
3.8219999999998984 0.21782822000001012
3.8229999999998983 0.21772823000001007
3.823999999999898 0.21762824000001002
3.824999999999898 0.2175282500000102
3.825999999999898 0.21742826000001014
3.826999999999898 0.2173282700000101
3.8279999999998977 0.21722828000001027
3.8289999999998976 0.21712829000001022
3.8299999999998975 0.21702830000001017
3.8309999999998974 0.21692831000001012
3.8319999999998973 0.2168283200000103
3.832999999999897 0.21672833000001024
3.833999999999897 0.2166283400000102
3.834999999999897 0.21652835000001014
3.835999999999897 0.2164283600000103
3.8369999999998967 0.21632837000001026
3.8379999999998966 0.2162283800000102
3.8389999999998965 0.21612839000001038
3.8399999999998964 0.21602840000001033
3.8409999999998963 0.21592841000001028
3.841999999999896 0.21582842000001023
3.842999999999896 0.2157284300000104
3.843999999999896 0.21562844000001036
3.844999999999896 0.2155284500000103
3.8459999999998957 0.21542846000001026
3.8469999999998956 0.21532847000001043
3.8479999999998955 0.21522848000001038
3.8489999999998954 0.21512849000001033
3.8499999999998953 0.2150285000000105
3.850999999999895 0.21492851000001045
3.851999999999895 0.2148285200000104
3.852999999999895 0.21472853000001035
3.853999999999895 0.21462854000001053
3.8549999999998947 0.21452855000001048
3.8559999999998946 0.21442856000001043
3.8569999999998945 0.21432857000001038
3.8579999999998944 0.21422858000001055
3.8589999999998943 0.2141285900000105
3.859999999999894 0.21402860000001045
3.860999999999894 0.21392861000001062
3.861999999999894 0.21382862000001057
3.862999999999894 0.21372863000001052
3.8639999999998937 0.21362864000001047
3.8649999999998936 0.21352865000001064
3.8659999999998935 0.2134286600000106
3.8669999999998934 0.21332867000001055
3.8679999999998933 0.2132286800000105
3.868999999999893 0.21312869000001067
3.869999999999893 0.21302870000001062
3.870999999999893 0.21292871000001057
3.871999999999893 0.21282872000001074
3.8729999999998928 0.2127287300000107
3.8739999999998926 0.21262874000001064
3.8749999999998925 0.2125287500000106
3.8759999999998924 0.21242876000001076
3.8769999999998923 0.2123287700000107
3.877999999999892 0.21222878000001066
3.878999999999892 0.21212879000001061
3.879999999999892 0.2120288000000108
3.880999999999892 0.21192881000001074
3.8819999999998918 0.2118288200000107
3.8829999999998916 0.21172883000001086
3.8839999999998915 0.2116288400000108
3.8849999999998914 0.21152885000001076
3.8859999999998913 0.2114288600000107
3.886999999999891 0.21132887000001088
3.887999999999891 0.21122888000001083
3.888999999999891 0.21112889000001078
3.889999999999891 0.21102890000001073
3.8909999999998908 0.2109289100000109
3.8919999999998907 0.21082892000001086
3.8929999999998905 0.2107289300000108
3.8939999999998904 0.21062894000001098
3.8949999999998903 0.21052895000001093
3.89599999999989 0.21042896000001088
3.89699999999989 0.21032897000001083
3.89799999999989 0.210228980000011
3.89899999999989 0.21012899000001095
3.8999999999998898 0.2100290000000109
3.9009999999998897 0.20992901000001107
3.9019999999998896 0.20982902000001102
3.9029999999998894 0.20972903000001097
3.9039999999998893 0.20962904000001092
3.9049999999998892 0.2095290500000111
3.905999999999889 0.20942906000001105
3.906999999999889 0.209329070000011
3.907999999999889 0.20922908000001095
3.908999999999889 0.20912909000001112
3.9099999999998887 0.20902910000001107
3.9109999999998886 0.20892911000001102
3.9119999999998885 0.2088291200000112
3.9129999999998883 0.20872913000001114
3.9139999999998882 0.2086291400000111
3.914999999999888 0.20852915000001104
3.915999999999888 0.20842916000001122
3.916999999999888 0.20832917000001117
3.917999999999888 0.20822918000001112
3.9189999999998877 0.20812919000001107
3.9199999999998876 0.20802920000001124
3.9209999999998875 0.2079292100000112
3.9219999999998874 0.20782922000001114
3.9229999999998872 0.2077292300000113
3.923999999999887 0.20762924000001126
3.924999999999887 0.2075292500000112
3.925999999999887 0.20742926000001116
3.926999999999887 0.20732927000001133
3.9279999999998867 0.20722928000001128
3.9289999999998866 0.20712929000001123
3.9299999999998865 0.20702930000001118
3.9309999999998864 0.20692931000001136
3.9319999999998863 0.2068293200000113
3.932999999999886 0.20672933000001126
3.933999999999886 0.20662934000001143
3.934999999999886 0.20652935000001138
3.935999999999886 0.20642936000001133
3.9369999999998857 0.20632937000001128
3.9379999999998856 0.20622938000001145
3.9389999999998855 0.2061293900000114
3.9399999999998854 0.20602940000001135
3.9409999999998853 0.2059294100000113
3.941999999999885 0.20582942000001148
3.942999999999885 0.20572943000001143
3.943999999999885 0.20562944000001138
3.944999999999885 0.20552945000001155
3.9459999999998847 0.2054294600000115
3.9469999999998846 0.20532947000001145
3.9479999999998845 0.2052294800000114
3.9489999999998844 0.20512949000001157
3.9499999999998843 0.20502950000001152
3.950999999999884 0.20492951000001147
3.951999999999884 0.20482952000001142
3.952999999999884 0.2047295300000116
3.953999999999884 0.20462954000001154
3.9549999999998837 0.2045295500000115
3.9559999999998836 0.20442956000001167
3.9569999999998835 0.20432957000001162
3.9579999999998834 0.20422958000001157
3.9589999999998833 0.20412959000001152
3.959999999999883 0.2040296000000117
3.960999999999883 0.20392961000001164
3.961999999999883 0.2038296200000116
3.962999999999883 0.20372963000001154
3.9639999999998827 0.2036296400000117
3.9649999999998826 0.20352965000001166
3.9659999999998825 0.20342966000001161
3.9669999999998824 0.2033296700000118
3.9679999999998823 0.20322968000001174
3.968999999999882 0.2031296900000117
3.969999999999882 0.20302970000001164
3.970999999999882 0.2029297100000118
3.971999999999882 0.20282972000001176
3.9729999999998817 0.2027297300000117
3.9739999999998816 0.20262974000001166
3.9749999999998815 0.20252975000001183
3.9759999999998814 0.20242976000001178
3.9769999999998813 0.20232977000001173
3.977999999999881 0.2022297800000119
3.978999999999881 0.20212979000001186
3.979999999999881 0.2020298000000118
3.980999999999881 0.20192981000001176
3.9819999999998807 0.20182982000001193
3.9829999999998806 0.20172983000001188
3.9839999999998805 0.20162984000001183
3.9849999999998804 0.20152985000001178
3.9859999999998803 0.20142986000001195
3.98699999999988 0.2013298700000119
3.98799999999988 0.20122988000001185
3.98899999999988 0.20112989000001202
3.98999999999988 0.20102990000001197
3.9909999999998798 0.20092991000001192
3.9919999999998796 0.20082992000001187
3.9929999999998795 0.20072993000001205
3.9939999999998794 0.200629940000012
3.9949999999998793 0.20052995000001195
3.995999999999879 0.20042996000001212
3.996999999999879 0.20032997000001207
3.997999999999879 0.20022998000001202
3.998999999999879 0.20012999000001197
3.9999999999998788 0.20003000000001214
