2.8549999999998774 0.43949247197358376
2.8559999999998773 0.43926607210929647
2.856999999999877 0.43903844100409617
2.857999999999877 0.43880955897237706
2.858999999999877 0.43857940600983314
2.859999999999877 0.4383479617872488
2.8609999999998768 0.4381152056441353
2.8619999999998766 0.4378811165821981
2.8629999999998765 0.43764567325863957
2.8639999999998764 0.4374088539792813
2.8649999999998763 0.4371706366915158
2.865999999999876 0.4369309989770638
2.866999999999876 0.43668991804454826
2.8719999999998755 0.4208312848584661
2.8729999999998754 0.42037206227200863
2.8739999999998753 0.4013767753137367
2.874999999999875 0.3991945970649029
