1.74 0.622
1.7409999999999999 0.6218
1.7419999999999998 0.6216
1.7429999999999997 0.6214000000000001
1.7439999999999996 0.6212000000000001
1.7449999999999994 0.6210000000000001
1.7459999999999993 0.6208000000000001
1.7469999999999992 0.6206000000000002
1.747999999999999 0.6204000000000002
1.748999999999999 0.6202000000000002
1.749999999999999 0.6200000000000002
1.7509999999999988 0.6198000000000002
1.7519999999999987 0.6196000000000003
1.7529999999999986 0.6194000000000003
1.7539999999999984 0.6192000000000003
1.7549999999999983 0.6190000000000003
1.7559999999999982 0.6188000000000003
1.7569999999999981 0.6186000000000004
1.757999999999998 0.6184000000000004
1.758999999999998 0.6182000000000004
1.7599999999999978 0.6180000000000004
1.7609999999999977 0.6178000000000005
1.7619999999999976 0.6176000000000005
1.7629999999999975 0.6174000000000005
1.7639999999999973 0.6172000000000005
1.7649999999999972 0.6170000000000005
1.7659999999999971 0.6168000000000006
1.766999999999997 0.6166000000000006
1.767999999999997 0.6164000000000006
1.7689999999999968 0.6162000000000006
1.7699999999999967 0.6160000000000007
1.7709999999999966 0.6158000000000007
1.7719999999999965 0.6156000000000007
1.7729999999999964 0.6154000000000007
1.7739999999999962 0.6152000000000007
1.7749999999999961 0.6150000000000008
1.775999999999996 0.6148000000000008
1.776999999999996 0.6146000000000008
1.7779999999999958 0.6144000000000008
1.7789999999999957 0.6142000000000009
1.7799999999999956 0.6140000000000009
1.7809999999999955 0.6138000000000009
1.7819999999999954 0.6136000000000009
1.7829999999999953 0.613400000000001
1.7839999999999951 0.613200000000001
1.784999999999995 0.613000000000001
1.785999999999995 0.612800000000001
1.7869999999999948 0.612600000000001
1.7879999999999947 0.612400000000001
1.7889999999999946 0.6122000000000011
1.7899999999999945 0.6120000000000011
1.7909999999999944 0.6118000000000011
1.7919999999999943 0.6116000000000011
1.7929999999999942 0.6114000000000012
1.793999999999994 0.6112000000000012
1.794999999999994 0.6110000000000012
1.7959999999999938 0.6108000000000012
1.7969999999999937 0.6106000000000013
1.7979999999999936 0.6104000000000013
1.7989999999999935 0.6102000000000013
1.7999999999999934 0.6100000000000013
1.8009999999999933 0.6098000000000013
1.8019999999999932 0.6096000000000014
1.802999999999993 0.6094000000000014
1.803999999999993 0.6092000000000014
1.8049999999999928 0.6090000000000014
1.8059999999999927 0.6088000000000015
1.8069999999999926 0.6086000000000015
1.8079999999999925 0.6084000000000015
1.8089999999999924 0.6082000000000015
1.8099999999999923 0.6080000000000015
1.8109999999999922 0.6078000000000016
1.811999999999992 0.6076000000000016
1.812999999999992 0.6074000000000016
1.8139999999999918 0.6072000000000016
1.8149999999999917 0.6070000000000016
1.8159999999999916 0.6068000000000017
1.8169999999999915 0.6066000000000017
1.8179999999999914 0.6064000000000017
1.8189999999999913 0.6062000000000017
1.8199999999999912 0.6060000000000018
1.820999999999991 0.6058000000000018
1.821999999999991 0.6056000000000018
1.8229999999999908 0.6054000000000018
1.8239999999999907 0.6052000000000018
1.8249999999999906 0.6050000000000019
1.8259999999999905 0.6048000000000019
1.8269999999999904 0.6046000000000019
1.8279999999999903 0.6044000000000019
1.8289999999999902 0.604200000000002
1.82999999999999 0.604000000000002
1.83099999999999 0.603800000000002
1.8319999999999899 0.603600000000002
1.8329999999999897 0.603400000000002
1.8339999999999896 0.6032000000000021
1.8349999999999895 0.6030000000000021
1.8359999999999894 0.6028000000000021
1.8369999999999893 0.6026000000000021
1.8379999999999892 0.6024000000000022
1.838999999999989 0.6022000000000022
1.839999999999989 0.6020000000000022
1.8409999999999889 0.6018000000000022
1.8419999999999888 0.6016000000000022
1.8429999999999886 0.6014000000000023
1.8439999999999885 0.6012000000000023
1.8449999999999884 0.6010000000000023
1.8459999999999883 0.6008000000000023
1.8469999999999882 0.6006000000000024
1.847999999999988 0.6004000000000024
1.848999999999988 0.6002000000000024
1.8499999999999879 0.6000000000000024
1.8509999999999878 0.5998000000000024
1.8519999999999877 0.5996000000000025
1.8529999999999875 0.5994000000000025
1.8539999999999874 0.5992000000000025
1.8549999999999873 0.5990000000000025
1.8559999999999872 0.5988000000000026
1.856999999999987 0.5986000000000026
1.857999999999987 0.5984000000000026
1.8589999999999869 0.5982000000000026
1.8599999999999868 0.5980000000000026
1.8609999999999867 0.5978000000000027
1.8619999999999866 0.5976000000000027
1.8629999999999864 0.5974000000000027
1.8639999999999863 0.5972000000000027
1.8649999999999862 0.5970000000000028
1.8659999999999861 0.5968000000000028
1.866999999999986 0.5966000000000028
1.867999999999986 0.5964000000000028
1.8689999999999858 0.5962000000000028
1.8699999999999857 0.5960000000000029
1.8709999999999856 0.5958000000000029
1.8719999999999855 0.5956000000000029
1.8729999999999853 0.5954000000000029
1.8739999999999852 0.595200000000003
1.8749999999999851 0.595000000000003
1.875999999999985 0.594800000000003
1.876999999999985 0.594600000000003
1.8779999999999848 0.594400000000003
1.8789999999999847 0.5942000000000031
1.8799999999999846 0.5940000000000031
1.8809999999999845 0.5938000000000031
1.8819999999999844 0.5936000000000031
1.8829999999999842 0.5934000000000031
1.8839999999999841 0.5932000000000032
1.884999999999984 0.5930000000000032
1.885999999999984 0.5928000000000032
1.8869999999999838 0.5926000000000032
1.8879999999999837 0.5924000000000033
1.8889999999999836 0.5922000000000033
1.8899999999999835 0.5920000000000033
1.8909999999999834 0.5918000000000033
1.8919999999999833 0.5916000000000033
1.8929999999999831 0.5914000000000034
1.893999999999983 0.5912000000000034
1.894999999999983 0.5910000000000034
1.8959999999999828 0.5908000000000034
1.8969999999999827 0.5906000000000035
1.8979999999999826 0.5904000000000035
1.8989999999999825 0.5902000000000035
1.8999999999999824 0.5900000000000035
1.9009999999999823 0.5898000000000035
1.9019999999999821 0.5896000000000036
1.902999999999982 0.5894000000000036
1.903999999999982 0.5892000000000036
1.9049999999999818 0.5890000000000036
1.9059999999999817 0.5888000000000037
1.9069999999999816 0.5886000000000037
1.9079999999999815 0.5884000000000037
1.9089999999999814 0.5882000000000037
1.9099999999999813 0.5880000000000037
1.9109999999999812 0.5878000000000038
1.911999999999981 0.5876000000000038
1.912999999999981 0.5874000000000038
1.9139999999999808 0.5872000000000038
1.9149999999999807 0.5870000000000039
1.9159999999999806 0.5868000000000039
1.9169999999999805 0.5866000000000039
1.9179999999999804 0.5864000000000039
1.9189999999999803 0.5862000000000039
1.9199999999999802 0.586000000000004
1.92099999999998 0.585800000000004
1.92199999999998 0.585600000000004
1.9229999999999798 0.585400000000004
1.9239999999999797 0.585200000000004
1.9249999999999796 0.5850000000000041
1.9259999999999795 0.5848000000000041
1.9269999999999794 0.5846000000000041
1.9279999999999793 0.5844000000000041
1.9289999999999792 0.5842000000000042
1.929999999999979 0.5840000000000042
1.930999999999979 0.5838000000000042
1.9319999999999788 0.5836000000000042
1.9329999999999787 0.5834000000000042
1.9339999999999786 0.5832000000000043
1.9349999999999785 0.5830000000000043
1.9359999999999784 0.5828000000000043
1.9369999999999783 0.5826000000000043
1.9379999999999782 0.5824000000000044
1.938999999999978 0.5822000000000044
1.939999999999978 0.5820000000000044
1.9409999999999779 0.5818000000000044
1.9419999999999777 0.5816000000000044
1.9429999999999776 0.5814000000000045
1.9439999999999775 0.5812000000000045
1.9449999999999774 0.5810000000000045
1.9459999999999773 0.5808000000000045
1.9469999999999772 0.5806000000000046
1.947999999999977 0.5804000000000046
1.948999999999977 0.5802000000000046
1.9499999999999769 0.5800000000000046
1.9509999999999768 0.5798000000000046
1.9519999999999766 0.5796000000000047
1.9529999999999765 0.5794000000000047
1.9539999999999764 0.5792000000000047
1.9549999999999763 0.5790000000000047
1.9559999999999762 0.5788000000000048
1.956999999999976 0.5786000000000048
1.957999999999976 0.5784000000000048
1.9589999999999759 0.5782000000000048
1.9599999999999758 0.5780000000000048
1.9609999999999757 0.5778000000000049
1.9619999999999755 0.5776000000000049
1.9629999999999754 0.5774000000000049
1.9639999999999753 0.5772000000000049
1.9649999999999752 0.577000000000005
1.965999999999975 0.576800000000005
1.966999999999975 0.576600000000005
1.9679999999999749 0.576400000000005
1.9689999999999748 0.576200000000005
1.9699999999999747 0.5760000000000051
1.9709999999999746 0.5758000000000051
1.9719999999999744 0.5756000000000051
1.9729999999999743 0.5754000000000051
1.9739999999999742 0.5752000000000052
1.974999999999974 0.5750000000000052
1.975999999999974 0.5748000000000052
1.976999999999974 0.5746000000000052
1.9779999999999738 0.5744000000000052
1.9789999999999737 0.5742000000000053
1.9799999999999736 0.5740000000000053
1.9809999999999734 0.5738000000000053
1.9819999999999733 0.5736000000000053
1.9829999999999732 0.5734000000000053
1.9839999999999731 0.5732000000000054
1.984999999999973 0.5730000000000054
1.985999999999973 0.5728000000000054
1.9869999999999728 0.5726000000000054
1.9879999999999727 0.5724000000000055
1.9889999999999726 0.5722000000000055
1.9899999999999725 0.5720000000000055
1.9909999999999723 0.5718000000000055
1.9919999999999722 0.5716000000000055
1.9929999999999721 0.5714000000000056
1.993999999999972 0.5712000000000056
1.994999999999972 0.5710000000000056
1.9959999999999718 0.5708000000000056
1.9969999999999717 0.5706000000000057
1.9979999999999716 0.5704000000000057
1.9989999999999715 0.5702000000000057
1.9999999999999714 0.5700000000000057
2.0009999999999715 0.5698000000000056
2.0019999999999714 0.5696000000000057
2.0029999999999712 0.5694000000000057
2.003999999999971 0.5692000000000057
2.004999999999971 0.5690000000000057
2.005999999999971 0.5688000000000057
2.006999999999971 0.5686000000000058
2.0079999999999707 0.5684000000000058
2.0089999999999706 0.5682000000000058
2.0099999999999705 0.5680000000000058
2.0109999999999704 0.5678000000000059
2.0119999999999703 0.5676000000000059
2.01299999999997 0.5674000000000059
2.01399999999997 0.5672000000000059
2.01499999999997 0.5670000000000059
2.01599999999997 0.566800000000006
2.0169999999999697 0.566600000000006
2.0179999999999696 0.566400000000006
2.0189999999999695 0.566200000000006
2.0199999999999694 0.566000000000006
2.0209999999999693 0.5658000000000061
2.021999999999969 0.5656000000000061
2.022999999999969 0.5654000000000061
2.023999999999969 0.5652000000000061
2.024999999999969 0.5650000000000062
2.0259999999999687 0.5648000000000062
2.0269999999999686 0.5646000000000062
2.0279999999999685 0.5644000000000062
2.0289999999999684 0.5642000000000063
2.0299999999999683 0.5640000000000063
2.030999999999968 0.5638000000000063
2.031999999999968 0.5636000000000063
2.032999999999968 0.5634000000000063
2.033999999999968 0.5632000000000064
2.0349999999999677 0.5630000000000064
2.0359999999999676 0.5628000000000064
2.0369999999999675 0.5626000000000064
2.0379999999999674 0.5624000000000065
2.0389999999999673 0.5622000000000065
2.039999999999967 0.5620000000000065
2.040999999999967 0.5618000000000065
2.041999999999967 0.5616000000000065
2.042999999999967 0.5614000000000066
2.0439999999999667 0.5612000000000066
2.0449999999999666 0.5610000000000066
2.0459999999999665 0.5608000000000066
2.0469999999999664 0.5606000000000066
2.0479999999999663 0.5604000000000067
2.048999999999966 0.5602000000000067
2.049999999999966 0.5600000000000067
2.050999999999966 0.5598000000000067
2.051999999999966 0.5596000000000068
2.0529999999999657 0.5594000000000068
2.0539999999999656 0.5592000000000068
2.0549999999999655 0.5590000000000068
2.0559999999999654 0.5588000000000068
2.0569999999999653 0.5586000000000069
2.057999999999965 0.5584000000000069
2.058999999999965 0.5582000000000069
2.059999999999965 0.5580000000000069
2.060999999999965 0.557800000000007
2.0619999999999647 0.557600000000007
2.0629999999999646 0.557400000000007
2.0639999999999645 0.557200000000007
2.0649999999999644 0.557000000000007
2.0659999999999643 0.5568000000000071
2.066999999999964 0.5566000000000071
2.067999999999964 0.5564000000000071
2.068999999999964 0.5562000000000071
2.069999999999964 0.5560000000000072
2.0709999999999638 0.5558000000000072
2.0719999999999636 0.5556000000000072
2.0729999999999635 0.5554000000000072
2.0739999999999634 0.5552000000000072
2.0749999999999633 0.5550000000000073
2.075999999999963 0.5548000000000073
2.076999999999963 0.5546000000000073
2.077999999999963 0.5544000000000073
2.078999999999963 0.5542000000000074
2.0799999999999628 0.5540000000000074
2.0809999999999627 0.5538000000000074
2.0819999999999625 0.5536000000000074
2.0829999999999624 0.5534000000000074
2.0839999999999623 0.5532000000000075
2.084999999999962 0.5530000000000075
2.085999999999962 0.5528000000000075
2.086999999999962 0.5526000000000075
2.087999999999962 0.5524000000000076
2.0889999999999618 0.5522000000000076
2.0899999999999617 0.5520000000000076
2.0909999999999616 0.5518000000000076
2.0919999999999614 0.5516000000000076
2.0929999999999613 0.5514000000000077
2.0939999999999612 0.5512000000000077
2.094999999999961 0.5510000000000077
2.095999999999961 0.5508000000000077
2.096999999999961 0.5506000000000077
2.097999999999961 0.5504000000000078
2.0989999999999607 0.5502000000000078
2.0999999999999606 0.5500000000000078
2.1009999999999605 0.5498000000000078
2.1019999999999603 0.5496000000000079
2.1029999999999602 0.5494000000000079
2.10399999999996 0.5492000000000079
2.10499999999996 0.5490000000000079
2.10599999999996 0.548800000000008
2.10699999999996 0.548600000000008
2.1079999999999597 0.548400000000008
2.1089999999999596 0.548200000000008
2.1099999999999595 0.548000000000008
2.1109999999999594 0.5478000000000081
2.1119999999999592 0.5476000000000081
2.112999999999959 0.5474000000000081
2.113999999999959 0.5472000000000081
2.114999999999959 0.5470000000000081
2.115999999999959 0.5468000000000082
2.1169999999999587 0.5466000000000082
2.1179999999999586 0.5464000000000082
2.1189999999999585 0.5462000000000082
2.1199999999999584 0.5460000000000083
2.1209999999999583 0.5458000000000083
2.121999999999958 0.5456000000000083
2.122999999999958 0.5454000000000083
2.123999999999958 0.5452000000000083
2.124999999999958 0.5450000000000084
2.1259999999999577 0.5448000000000084
2.1269999999999576 0.5446000000000084
2.1279999999999575 0.5444000000000084
2.1289999999999574 0.5442000000000085
2.1299999999999573 0.5440000000000085
2.130999999999957 0.5438000000000085
2.131999999999957 0.5436000000000085
2.132999999999957 0.5434000000000085
2.133999999999957 0.5432000000000086
2.1349999999999567 0.5430000000000086
2.1359999999999566 0.5428000000000086
2.1369999999999565 0.5426000000000086
2.1379999999999564 0.5424000000000087
2.1389999999999563 0.5422000000000087
2.139999999999956 0.5420000000000087
2.140999999999956 0.5418000000000087
2.141999999999956 0.5416000000000087
2.142999999999956 0.5414000000000088
2.1439999999999557 0.5412000000000088
2.1449999999999556 0.5410000000000088
2.1459999999999555 0.5408000000000088
2.1469999999999554 0.5406000000000089
2.1479999999999553 0.5404000000000089
2.148999999999955 0.5402000000000089
2.149999999999955 0.5400000000000089
2.150999999999955 0.5398000000000089
2.151999999999955 0.539600000000009
2.1529999999999547 0.539400000000009
2.1539999999999546 0.539200000000009
2.1549999999999545 0.539000000000009
2.1559999999999544 0.538800000000009
2.1569999999999543 0.5386000000000091
2.157999999999954 0.5384000000000091
2.158999999999954 0.5382000000000091
2.159999999999954 0.5380000000000091
2.160999999999954 0.5378000000000092
2.1619999999999537 0.5376000000000092
2.1629999999999536 0.5374000000000092
2.1639999999999535 0.5372000000000092
2.1649999999999534 0.5370000000000092
2.1659999999999533 0.5368000000000093
2.166999999999953 0.5366000000000093
2.167999999999953 0.5364000000000093
2.168999999999953 0.5362000000000093
2.169999999999953 0.5360000000000094
2.1709999999999527 0.5358000000000094
2.1719999999999526 0.5356000000000094
2.1729999999999525 0.5354000000000094
2.1739999999999524 0.5352000000000094
2.1749999999999523 0.5350000000000095
2.175999999999952 0.5348000000000095
2.176999999999952 0.5346000000000095
2.177999999999952 0.5344000000000095
2.178999999999952 0.5342000000000096
2.1799999999999518 0.5340000000000096
2.1809999999999516 0.5338000000000096
2.1819999999999515 0.5336000000000096
2.1829999999999514 0.5334000000000096
2.1839999999999513 0.5332000000000097
2.184999999999951 0.5330000000000097
2.185999999999951 0.5328000000000097
2.186999999999951 0.5326000000000097
2.187999999999951 0.5324000000000098
2.1889999999999508 0.5322000000000098
2.1899999999999507 0.5320000000000098
2.1909999999999505 0.5318000000000098
2.1919999999999504 0.5316000000000098
2.1929999999999503 0.5314000000000099
2.19399999999995 0.5312000000000099
2.19499999999995 0.5310000000000099
2.19599999999995 0.5308000000000099
2.19699999999995 0.53060000000001
2.1979999999999498 0.53040000000001
2.1989999999999497 0.53020000000001
2.1999999999999496 0.53000000000001
2.2009999999999494 0.52980000000001
2.2019999999999493 0.5296000000000101
2.202999999999949 0.5294000000000101
2.203999999999949 0.5292000000000101
2.204999999999949 0.5290000000000101
2.205999999999949 0.5288000000000102
2.206999999999949 0.5286000000000102
2.2079999999999487 0.5284000000000102
2.2089999999999486 0.5282000000000102
2.2099999999999485 0.5280000000000102
2.2109999999999483 0.5278000000000103
2.2119999999999482 0.5276000000000103
2.212999999999948 0.5274000000000103
2.213999999999948 0.5272000000000103
2.214999999999948 0.5270000000000103
2.215999999999948 0.5268000000000104
2.2169999999999477 0.5266000000000104
2.2179999999999476 0.5264000000000104
2.2189999999999475 0.5262000000000104
2.2199999999999473 0.5260000000000105
2.2209999999999472 0.5258000000000105
2.221999999999947 0.5256000000000105
2.222999999999947 0.5254000000000105
2.223999999999947 0.5252000000000105
2.224999999999947 0.5250000000000106
2.2259999999999467 0.5248000000000106
2.2269999999999466 0.5246000000000106
2.2279999999999465 0.5244000000000106
2.2289999999999464 0.5242000000000107
2.2299999999999462 0.5240000000000107
2.230999999999946 0.5238000000000107
2.231999999999946 0.5236000000000107
2.232999999999946 0.5234000000000107
2.233999999999946 0.5232000000000108
2.2349999999999457 0.5230000000000108
2.2359999999999456 0.5228000000000108
2.2369999999999455 0.5226000000000108
2.2379999999999454 0.5224000000000109
2.2389999999999453 0.5222000000000109
2.239999999999945 0.5220000000000109
2.240999999999945 0.5218000000000109
2.241999999999945 0.5216000000000109
2.242999999999945 0.521400000000011
2.2439999999999447 0.521200000000011
2.2449999999999446 0.521000000000011
2.2459999999999445 0.520800000000011
2.2469999999999444 0.520600000000011
2.2479999999999443 0.5204000000000111
2.248999999999944 0.5202000000000111
2.249999999999944 0.5200000000000111
2.250999999999944 0.5198000000000111
2.251999999999944 0.5196000000000112
2.2529999999999437 0.5194000000000112
2.2539999999999436 0.5192000000000112
2.2549999999999435 0.5190000000000112
2.2559999999999434 0.5188000000000113
2.2569999999999433 0.5186000000000113
2.257999999999943 0.5184000000000113
2.258999999999943 0.5182000000000113
2.259999999999943 0.5180000000000113
2.260999999999943 0.5178000000000114
2.2619999999999427 0.5176000000000114
2.2629999999999426 0.5174000000000114
2.2639999999999425 0.5172000000000114
2.2649999999999424 0.5170000000000115
2.2659999999999423 0.5168000000000115
2.266999999999942 0.5166000000000115
2.267999999999942 0.5164000000000115
2.268999999999942 0.5162000000000115
2.269999999999942 0.5160000000000116
2.2709999999999417 0.5158000000000116
2.2719999999999416 0.5156000000000116
2.2729999999999415 0.5154000000000116
2.2739999999999414 0.5152000000000116
2.2749999999999413 0.5150000000000117
2.275999999999941 0.5148000000000117
2.276999999999941 0.5146000000000117
2.277999999999941 0.5144000000000117
2.278999999999941 0.5142000000000118
2.2799999999999407 0.5140000000000118
2.2809999999999406 0.5138000000000118
2.2819999999999405 0.5136000000000118
2.2829999999999404 0.5134000000000118
2.2839999999999403 0.5132000000000119
2.28499999999994 0.5130000000000119
2.28599999999994 0.5128000000000119
2.28699999999994 0.5126000000000119
2.28799999999994 0.512400000000012
2.2889999999999397 0.512200000000012
2.2899999999999396 0.512000000000012
2.2909999999999395 0.511800000000012
2.2919999999999394 0.511600000000012
2.2929999999999393 0.5114000000000121
2.293999999999939 0.5112000000000121
2.294999999999939 0.5110000000000121
2.295999999999939 0.5108000000000121
2.296999999999939 0.5106000000000122
2.2979999999999388 0.5104000000000122
2.2989999999999386 0.5102000000000122
2.2999999999999385 0.5100000000000122
2.3009999999999384 0.5098000000000122
2.3019999999999383 0.5096000000000123
2.302999999999938 0.5094000000000123
2.303999999999938 0.5092000000000123
2.304999999999938 0.5090000000000123
2.305999999999938 0.5088000000000124
2.3069999999999378 0.5086000000000124
2.3079999999999377 0.5084000000000124
2.3089999999999375 0.5082000000000124
2.3099999999999374 0.5080000000000124
2.3109999999999373 0.5078000000000125
2.311999999999937 0.5076000000000125
2.312999999999937 0.5074000000000125
2.313999999999937 0.5072000000000125
2.314999999999937 0.5070000000000126
2.3159999999999368 0.5068000000000126
2.3169999999999367 0.5066000000000126
2.3179999999999366 0.5064000000000126
2.3189999999999364 0.5062000000000126
2.3199999999999363 0.5060000000000127
2.3209999999999362 0.5058000000000127
2.321999999999936 0.5056000000000127
2.322999999999936 0.5054000000000127
2.323999999999936 0.5052000000000127
2.324999999999936 0.5050000000000128
2.3259999999999357 0.5048000000000128
2.3269999999999356 0.5046000000000128
2.3279999999999355 0.5044000000000128
2.3289999999999353 0.5042000000000129
2.3299999999999352 0.5040000000000129
2.330999999999935 0.5038000000000129
2.331999999999935 0.5036000000000129
2.332999999999935 0.503400000000013
2.333999999999935 0.503200000000013
2.3349999999999347 0.503000000000013
2.3359999999999346 0.502800000000013
2.3369999999999345 0.502600000000013
2.3379999999999344 0.5024000000000131
2.3389999999999342 0.5022000000000131
2.339999999999934 0.5020000000000131
2.340999999999934 0.5018000000000131
2.341999999999934 0.5016000000000131
2.342999999999934 0.5014000000000132
2.3439999999999337 0.5012000000000132
2.3449999999999336 0.5010000000000132
2.3459999999999335 0.5008000000000132
2.3469999999999334 0.5006000000000133
2.3479999999999333 0.5004000000000133
2.348999999999933 0.5002000000000133
2.349999999999933 0.5000000000000133
2.350999999999933 0.49980000000001334
2.351999999999933 0.49960000000001337
2.3529999999999327 0.4994000000000134
2.3539999999999326 0.4992000000000134
2.3549999999999325 0.49900000000001343
2.3559999999999324 0.49880000000001345
2.3569999999999323 0.4986000000000135
2.357999999999932 0.4984000000000135
2.358999999999932 0.4982000000000135
2.359999999999932 0.49800000000001354
2.360999999999932 0.49780000000001356
2.3619999999999317 0.4976000000000136
2.3629999999999316 0.4974000000000136
2.3639999999999315 0.49720000000001363
2.3649999999999314 0.49700000000001365
2.3659999999999313 0.4968000000000137
2.366999999999931 0.4966000000000137
2.367999999999931 0.4964000000000137
2.368999999999931 0.49620000000001374
2.369999999999931 0.49600000000001376
2.3709999999999307 0.4958000000000138
2.3719999999999306 0.4956000000000138
2.3729999999999305 0.49540000000001383
2.3739999999999304 0.49520000000001385
2.3749999999999303 0.4950000000000139
2.37599999999993 0.4948000000000139
2.37699999999993 0.4946000000000139
2.37799999999993 0.49440000000001394
2.37899999999993 0.49420000000001396
2.3799999999999297 0.494000000000014
2.3809999999999296 0.493800000000014
2.3819999999999295 0.493600000000014
2.3829999999999294 0.49340000000001405
2.3839999999999293 0.49320000000001407
2.384999999999929 0.4930000000000141
2.385999999999929 0.4928000000000141
2.386999999999929 0.49260000000001414
2.387999999999929 0.49240000000001416
2.3889999999999287 0.4922000000000142
2.3899999999999286 0.4920000000000142
2.3909999999999285 0.4918000000000142
2.3919999999999284 0.49160000000001425
2.3929999999999283 0.49140000000001427
2.393999999999928 0.4912000000000143
2.394999999999928 0.4910000000000143
2.395999999999928 0.49080000000001434
2.396999999999928 0.49060000000001436
2.3979999999999277 0.4904000000000144
2.3989999999999276 0.4902000000000144
2.3999999999999275 0.4900000000000144
2.4009999999999274 0.48980000000001445
2.4019999999999273 0.48960000000001447
2.402999999999927 0.4894000000000145
2.403999999999927 0.4892000000000145
2.404999999999927 0.48900000000001453
2.405999999999927 0.48880000000001456
2.4069999999999268 0.4886000000000146
2.4079999999999266 0.4884000000000146
2.4089999999999265 0.4882000000000146
2.4099999999999264 0.48800000000001464
2.4109999999999263 0.48780000000001467
2.411999999999926 0.4876000000000147
2.412999999999926 0.4874000000000147
2.413999999999926 0.48720000000001473
2.414999999999926 0.48700000000001475
2.4159999999999258 0.4868000000000148
2.4169999999999257 0.4866000000000148
2.4179999999999255 0.4864000000000148
2.4189999999999254 0.48620000000001484
2.4199999999999253 0.48600000000001486
2.420999999999925 0.4858000000000149
2.421999999999925 0.4856000000000149
2.422999999999925 0.48540000000001493
2.423999999999925 0.48520000000001495
2.4249999999999248 0.485000000000015
2.4259999999999247 0.484800000000015
2.4269999999999246 0.484600000000015
2.4279999999999244 0.48440000000001504
2.4289999999999243 0.48420000000001506
2.429999999999924 0.4840000000000151
2.430999999999924 0.4838000000000151
2.431999999999924 0.48360000000001513
2.432999999999924 0.48340000000001515
2.433999999999924 0.4832000000000152
2.4349999999999237 0.4830000000000152
2.4359999999999236 0.4828000000000152
2.4369999999999234 0.48260000000001524
2.4379999999999233 0.48240000000001526
2.4389999999999232 0.4822000000000153
2.439999999999923 0.4820000000000153
2.440999999999923 0.4818000000000153
2.441999999999923 0.48160000000001535
2.442999999999923 0.48140000000001537
2.4439999999999227 0.4812000000000154
2.4449999999999226 0.4810000000000154
2.4459999999999225 0.48080000000001544
2.4469999999999223 0.48060000000001546
2.4479999999999222 0.4804000000000155
2.448999999999922 0.4802000000000155
2.449999999999922 0.4800000000000155
2.450999999999922 0.47980000000001555
2.451999999999922 0.47960000000001557
2.4529999999999217 0.4794000000000156
2.4539999999999216 0.4792000000000156
2.4549999999999215 0.47900000000001564
2.4559999999999214 0.47880000000001566
2.4569999999999212 0.4786000000000157
2.457999999999921 0.4784000000000157
2.458999999999921 0.4782000000000157
2.459999999999921 0.47800000000001575
2.460999999999921 0.47780000000001577
2.4619999999999207 0.4776000000000158
2.4629999999999206 0.4774000000000158
2.4639999999999205 0.47720000000001583
2.4649999999999204 0.47700000000001586
2.4659999999999203 0.4768000000000159
2.46699999999992 0.4766000000000159
2.46799999999992 0.4764000000000159
2.46899999999992 0.47620000000001594
2.46999999999992 0.47600000000001597
2.4709999999999197 0.475800000000016
2.4719999999999196 0.475600000000016
2.4729999999999195 0.47540000000001603
2.4739999999999194 0.47520000000001605
2.4749999999999193 0.4750000000000161
2.475999999999919 0.4748000000000161
2.476999999999919 0.4746000000000161
2.477999999999919 0.47440000000001614
2.478999999999919 0.47420000000001616
2.4799999999999187 0.4740000000000162
2.4809999999999186 0.4738000000000162
2.4819999999999185 0.47360000000001623
2.4829999999999184 0.47340000000001625
2.4839999999999183 0.4732000000000163
2.484999999999918 0.4730000000000163
2.485999999999918 0.4728000000000163
2.486999999999918 0.47260000000001634
2.487999999999918 0.47240000000001636
2.4889999999999177 0.4722000000000164
2.4899999999999176 0.4720000000000164
2.4909999999999175 0.47180000000001643
2.4919999999999174 0.47160000000001645
2.4929999999999173 0.4714000000000165
2.493999999999917 0.4712000000000165
2.494999999999917 0.4710000000000165
2.495999999999917 0.47080000000001654
2.496999999999917 0.47060000000001656
2.4979999999999167 0.4704000000000166
2.4989999999999166 0.4702000000000166
2.4999999999999165 0.4700000000000166
2.5009999999999164 0.46980000000001665
2.5019999999999163 0.46960000000001667
2.502999999999916 0.4694000000000167
2.503999999999916 0.4692000000000167
2.504999999999916 0.46900000000001674
2.505999999999916 0.46880000000001676
2.5069999999999157 0.4686000000000168
2.5079999999999156 0.4684000000000168
2.5089999999999155 0.4682000000000168
2.5099999999999154 0.46800000000001685
2.5109999999999153 0.46780000000001687
2.511999999999915 0.4676000000000169
2.512999999999915 0.4674000000000169
2.513999999999915 0.46720000000001694
2.514999999999915 0.46700000000001696
2.5159999999999147 0.466800000000017
2.5169999999999146 0.466600000000017
2.5179999999999145 0.466400000000017
2.5189999999999144 0.46620000000001705
2.5199999999999143 0.46600000000001707
2.520999999999914 0.4658000000000171
2.521999999999914 0.4656000000000171
2.522999999999914 0.46540000000001713
2.523999999999914 0.46520000000001716
2.5249999999999138 0.4650000000000172
2.5259999999999136 0.4648000000000172
2.5269999999999135 0.4646000000000172
2.5279999999999134 0.46440000000001724
2.5289999999999133 0.46420000000001727
2.529999999999913 0.4640000000000173
2.530999999999913 0.4638000000000173
2.531999999999913 0.46360000000001733
2.532999999999913 0.46340000000001735
2.5339999999999128 0.4632000000000174
2.5349999999999127 0.4630000000000174
2.5359999999999125 0.4628000000000174
2.5369999999999124 0.46260000000001744
2.5379999999999123 0.46240000000001746
2.538999999999912 0.4622000000000175
2.539999999999912 0.4620000000000175
2.540999999999912 0.46180000000001753
2.541999999999912 0.46160000000001755
2.5429999999999118 0.4614000000000176
2.5439999999999117 0.4612000000000176
2.5449999999999116 0.4610000000000176
2.5459999999999114 0.46080000000001764
2.5469999999999113 0.46060000000001766
2.5479999999999112 0.4604000000000177
2.548999999999911 0.4602000000000177
2.549999999999911 0.46000000000001773
2.550999999999911 0.45980000000001775
2.551999999999911 0.45960000000001777
2.5529999999999107 0.4594000000000178
2.5539999999999106 0.4592000000000178
2.5549999999999105 0.45900000000001784
2.5559999999999103 0.45880000000001786
2.5569999999999102 0.4586000000000179
2.55799999999991 0.4584000000000179
2.55899999999991 0.4582000000000179
2.55999999999991 0.45800000000001795
2.56099999999991 0.45780000000001797
2.5619999999999097 0.457600000000018
2.5629999999999096 0.457400000000018
2.5639999999999095 0.45720000000001804
2.5649999999999094 0.45700000000001806
2.5659999999999092 0.4568000000000181
2.566999999999909 0.4566000000000181
2.567999999999909 0.4564000000000181
2.568999999999909 0.45620000000001815
2.569999999999909 0.45600000000001817
2.5709999999999087 0.4558000000000182
2.5719999999999086 0.4556000000000182
2.5729999999999085 0.45540000000001823
2.5739999999999084 0.45520000000001826
2.5749999999999083 0.4550000000000183
2.575999999999908 0.4548000000000183
2.576999999999908 0.4546000000000183
2.577999999999908 0.45440000000001834
2.578999999999908 0.45420000000001837
2.5799999999999077 0.4540000000000184
2.5809999999999076 0.4538000000000184
2.5819999999999075 0.45360000000001843
2.5829999999999074 0.45340000000001845
2.5839999999999073 0.4532000000000185
2.584999999999907 0.4530000000000185
2.585999999999907 0.4528000000000185
2.586999999999907 0.45260000000001854
2.587999999999907 0.45240000000001857
2.5889999999999067 0.4522000000000186
2.5899999999999066 0.4520000000000186
2.5909999999999065 0.45180000000001863
2.5919999999999064 0.45160000000001865
2.5929999999999063 0.4514000000000187
2.593999999999906 0.4512000000000187
2.594999999999906 0.4510000000000187
2.595999999999906 0.45080000000001874
2.596999999999906 0.45060000000001876
2.5979999999999057 0.4504000000000188
2.5989999999999056 0.4502000000000188
2.5999999999999055 0.45000000000001883
2.6009999999999054 0.44980000000001885
2.6019999999999053 0.4496000000000189
2.602999999999905 0.4494000000000189
2.603999999999905 0.4492000000000189
2.604999999999905 0.44900000000001894
2.605999999999905 0.44880000000001896
2.6069999999999047 0.448600000000019
2.6079999999999046 0.448400000000019
2.6089999999999045 0.448200000000019
2.6099999999999044 0.44800000000001905
2.6109999999999043 0.44780000000001907
2.611999999999904 0.4476000000000191
2.612999999999904 0.4474000000000191
2.613999999999904 0.44720000000001914
2.614999999999904 0.44700000000001916
2.6159999999999037 0.4468000000000192
2.6169999999999036 0.4466000000000192
2.6179999999999035 0.4464000000000192
2.6189999999999034 0.44620000000001925
2.6199999999999033 0.44600000000001927
2.620999999999903 0.4458000000000193
2.621999999999903 0.4456000000000193
2.622999999999903 0.44540000000001934
2.623999999999903 0.44520000000001936
2.6249999999999027 0.4450000000000194
2.6259999999999026 0.4448000000000194
2.6269999999999025 0.4446000000000194
2.6279999999999024 0.44440000000001945
2.6289999999999023 0.44420000000001947
2.629999999999902 0.4440000000000195
2.630999999999902 0.4438000000000195
2.631999999999902 0.44360000000001953
2.632999999999902 0.44340000000001956
2.6339999999999018 0.4432000000000196
2.6349999999999016 0.4430000000000196
2.6359999999999015 0.4428000000000196
2.6369999999999014 0.44260000000001964
2.6379999999999013 0.44240000000001967
2.638999999999901 0.4422000000000197
2.639999999999901 0.4420000000000197
2.640999999999901 0.44180000000001973
2.641999999999901 0.44160000000001975
2.6429999999999008 0.4414000000000198
2.6439999999999007 0.4412000000000198
2.6449999999999005 0.4410000000000198
2.6459999999999004 0.44080000000001984
2.6469999999999003 0.44060000000001986
2.6479999999999 0.4404000000000199
2.6489999999999 0.4402000000000199
2.6499999999999 0.44000000000001993
2.6509999999999 0.43980000000001995
2.6519999999998998 0.43960000000002
2.6529999999998997 0.43940000000002
2.6539999999998996 0.43920000000002
2.6549999999998994 0.43900000000002004
2.6559999999998993 0.43880000000002006
2.656999999999899 0.4386000000000201
2.657999999999899 0.4384000000000201
2.658999999999899 0.43820000000002013
2.659999999999899 0.43800000000002015
2.660999999999899 0.4378000000000202
2.6619999999998987 0.4376000000000202
2.6629999999998986 0.4374000000000202
2.6639999999998984 0.43720000000002024
2.6649999999998983 0.43700000000002026
2.6659999999998982 0.4368000000000203
2.666999999999898 0.4366000000000203
2.667999999999898 0.4364000000000203
2.668999999999898 0.43620000000002035
2.669999999999898 0.43600000000002037
2.6709999999998977 0.4358000000000204
2.6719999999998976 0.4356000000000204
2.6729999999998975 0.43540000000002044
2.6739999999998973 0.43520000000002046
2.6749999999998972 0.4350000000000205
2.675999999999897 0.4348000000000205
2.676999999999897 0.4346000000000205
2.677999999999897 0.43440000000002055
2.678999999999897 0.43420000000002057
2.6799999999998967 0.4340000000000206
2.6809999999998966 0.4338000000000206
2.6819999999998965 0.43360000000002064
2.6829999999998964 0.43340000000002066
2.6839999999998962 0.4332000000000207
2.684999999999896 0.4330000000000207
2.685999999999896 0.4328000000000207
2.686999999999896 0.43260000000002075
2.687999999999896 0.43240000000002077
2.6889999999998957 0.4322000000000208
2.6899999999998956 0.4320000000000208
2.6909999999998955 0.43180000000002083
2.6919999999998954 0.43160000000002086
2.6929999999998953 0.4314000000000209
2.693999999999895 0.4312000000000209
2.694999999999895 0.4310000000000209
2.695999999999895 0.43080000000002094
2.696999999999895 0.43060000000002097
2.6979999999998947 0.430400000000021
2.6989999999998946 0.430200000000021
2.6999999999998945 0.43000000000002103
2.7009999999998944 0.42980000000002105
2.7019999999998943 0.4296000000000211
2.702999999999894 0.4294000000000211
2.703999999999894 0.4292000000000211
2.704999999999894 0.42900000000002114
2.705999999999894 0.42880000000002116
2.7069999999998937 0.4286000000000212
2.7079999999998936 0.4284000000000212
2.7089999999998935 0.42820000000002123
2.7099999999998934 0.42800000000002125
2.7109999999998933 0.4278000000000213
2.711999999999893 0.4276000000000213
2.712999999999893 0.4274000000000213
2.713999999999893 0.42720000000002134
2.714999999999893 0.42700000000002136
2.7159999999998927 0.4268000000000214
2.7169999999998926 0.4266000000000214
2.7179999999998925 0.42640000000002143
2.7189999999998924 0.42620000000002145
2.7199999999998923 0.4260000000000215
2.720999999999892 0.4258000000000215
2.721999999999892 0.4256000000000215
2.722999999999892 0.42540000000002154
2.723999999999892 0.42520000000002156
2.7249999999998917 0.4250000000000216
2.7259999999998916 0.4248000000000216
2.7269999999998915 0.4246000000000216
2.7279999999998914 0.42440000000002165
2.7289999999998913 0.42420000000002167
2.729999999999891 0.4240000000000217
2.730999999999891 0.4238000000000217
2.731999999999891 0.42360000000002174
2.732999999999891 0.42340000000002176
2.7339999999998907 0.4232000000000218
2.7349999999998906 0.4230000000000218
2.7359999999998905 0.4228000000000218
2.7369999999998904 0.42260000000002185
2.7379999999998903 0.42240000000002187
2.73899999999989 0.4222000000000219
2.73999999999989 0.4220000000000219
2.74099999999989 0.42180000000002194
2.74199999999989 0.42160000000002196
2.7429999999998897 0.421400000000022
2.7439999999998896 0.421200000000022
2.7449999999998895 0.421000000000022
2.7459999999998894 0.42080000000002205
2.7469999999998893 0.42060000000002207
2.747999999999889 0.4204000000000221
2.748999999999889 0.4202000000000221
2.749999999999889 0.42000000000002213
2.750999999999889 0.41980000000002216
2.7519999999998888 0.4196000000000222
2.7529999999998886 0.4194000000000222
2.7539999999998885 0.4192000000000222
2.7549999999998884 0.41900000000002224
2.7559999999998883 0.41880000000002227
2.756999999999888 0.4186000000000223
2.757999999999888 0.4184000000000223
2.758999999999888 0.41820000000002233
2.759999999999888 0.41800000000002235
2.7609999999998878 0.4178000000000224
2.7619999999998877 0.4176000000000224
2.7629999999998875 0.4174000000000224
2.7639999999998874 0.41720000000002244
2.7649999999998873 0.41700000000002246
2.765999999999887 0.4168000000000225
2.766999999999887 0.4166000000000225
2.767999999999887 0.41640000000002253
2.768999999999887 0.41620000000002255
2.7699999999998868 0.4160000000000226
2.7709999999998867 0.4158000000000226
2.7719999999998866 0.4156000000000226
2.7729999999998864 0.41540000000002264
2.7739999999998863 0.41520000000002266
2.7749999999998862 0.4150000000000227
2.775999999999886 0.4148000000000227
2.776999999999886 0.41460000000002273
2.777999999999886 0.41440000000002275
2.778999999999886 0.41420000000002277
2.7799999999998857 0.4140000000000228
2.7809999999998856 0.4138000000000228
2.7819999999998855 0.41360000000002284
2.7829999999998853 0.41340000000002286
2.7839999999998852 0.4132000000000229
2.784999999999885 0.4130000000000229
2.785999999999885 0.4128000000000229
2.786999999999885 0.41260000000002295
2.787999999999885 0.41240000000002297
2.7889999999998847 0.412200000000023
2.7899999999998846 0.412000000000023
2.7909999999998845 0.41180000000002304
2.7919999999998844 0.41160000000002306
2.7929999999998842 0.4114000000000231
2.793999999999884 0.4112000000000231
2.794999999999884 0.4110000000000231
2.795999999999884 0.41080000000002315
2.796999999999884 0.41060000000002317
2.7979999999998837 0.4104000000000232
2.7989999999998836 0.4102000000000232
2.7999999999998835 0.41000000000002323
2.8009999999998834 0.40980000000002326
2.8019999999998833 0.4096000000000233
2.802999999999883 0.4094000000000233
2.803999999999883 0.4092000000000233
2.804999999999883 0.40900000000002334
2.805999999999883 0.40880000000002337
2.8069999999998827 0.4086000000000234
2.8079999999998826 0.4084000000000234
2.8089999999998825 0.40820000000002343
2.8099999999998824 0.40800000000002346
2.8109999999998823 0.4078000000000235
2.811999999999882 0.4076000000000235
2.812999999999882 0.4074000000000235
2.813999999999882 0.40720000000002354
2.814999999999882 0.40700000000002357
2.8159999999998817 0.4068000000000236
2.8169999999998816 0.4066000000000236
2.8179999999998815 0.40640000000002363
2.8189999999998814 0.40620000000002365
2.8199999999998813 0.4060000000000237
2.820999999999881 0.4058000000000237
2.821999999999881 0.4056000000000237
2.822999999999881 0.40540000000002374
2.823999999999881 0.40520000000002376
2.8249999999998807 0.4050000000000238
2.8259999999998806 0.4048000000000238
2.8269999999998805 0.40460000000002383
2.8279999999998804 0.40440000000002385
2.8289999999998803 0.4042000000000239
2.82999999999988 0.4040000000000239
2.83099999999988 0.4038000000000239
2.83199999999988 0.40360000000002394
2.83299999999988 0.40340000000002396
2.8339999999998797 0.403200000000024
2.8349999999998796 0.403000000000024
2.8359999999998795 0.402800000000024
2.8369999999998794 0.40260000000002405
2.8379999999998793 0.40240000000002407
2.838999999999879 0.4022000000000241
2.839999999999879 0.4020000000000241
2.840999999999879 0.40180000000002414
2.841999999999879 0.40160000000002416
2.8429999999998787 0.4014000000000242
2.8439999999998786 0.4012000000000242
2.8449999999998785 0.4010000000000242
2.8459999999998784 0.40080000000002425
2.8469999999998783 0.40060000000002427
2.847999999999878 0.4004000000000243
2.848999999999878 0.4002000000000243
2.849999999999878 0.40000000000002434
2.850999999999878 0.39980000000002436
2.8519999999998777 0.3996000000000244
2.8529999999998776 0.3994000000000244
2.8539999999998775 0.3992000000000244
2.8549999999998774 0.39900000000002445
2.8559999999998773 0.39880000000002447
2.856999999999877 0.3986000000000245
2.857999999999877 0.3984000000000245
2.858999999999877 0.39820000000002453
2.859999999999877 0.39800000000002456
2.8609999999998768 0.3978000000000246
2.8619999999998766 0.3976000000000246
2.8629999999998765 0.3974000000000246
2.8639999999998764 0.39720000000002464
2.8649999999998763 0.39700000000002467
2.865999999999876 0.3968000000000247
2.866999999999876 0.3966000000000247
2.867999999999876 0.39640000000002473
2.868999999999876 0.39620000000002475
2.8699999999998758 0.3960000000000248
2.8709999999998757 0.3958000000000248
2.8719999999998755 0.3956000000000248
2.8729999999998754 0.39540000000002484
2.8739999999998753 0.39520000000002486
2.874999999999875 0.3950000000000249
2.875999999999875 0.3948000000000249
2.876999999999875 0.39460000000002493
2.877999999999875 0.39440000000002495
2.8789999999998748 0.394200000000025
2.8799999999998747 0.394000000000025
2.8809999999998746 0.393800000000025
2.8819999999998744 0.39360000000002504
2.8829999999998743 0.39340000000002506
2.883999999999874 0.3932000000000251
2.884999999999874 0.3930000000000251
2.885999999999874 0.39280000000002513
2.886999999999874 0.39260000000002515
2.887999999999874 0.3924000000000252
2.8889999999998737 0.3922000000000252
2.8899999999998736 0.3920000000000252
2.8909999999998734 0.39180000000002524
2.8919999999998733 0.39160000000002526
2.8929999999998732 0.3914000000000253
2.893999999999873 0.3912000000000253
2.894999999999873 0.3910000000000253
2.895999999999873 0.39080000000002535
2.896999999999873 0.39060000000002537
2.8979999999998727 0.3904000000000254
2.8989999999998726 0.3902000000000254
2.8999999999998725 0.39000000000002544
2.9009999999998723 0.38980000000002546
2.9019999999998722 0.3896000000000255
2.902999999999872 0.3894000000000255
2.903999999999872 0.3892000000000255
2.904999999999872 0.38900000000002555
2.905999999999872 0.38880000000002557
2.9069999999998717 0.3886000000000256
2.9079999999998716 0.3884000000000256
2.9089999999998715 0.38820000000002564
2.9099999999998714 0.38800000000002566
2.9109999999998712 0.3878000000000257
2.911999999999871 0.3876000000000257
2.912999999999871 0.3874000000000257
2.913999999999871 0.38720000000002575
2.914999999999871 0.38700000000002577
2.9159999999998707 0.3868000000000258
2.9169999999998706 0.3866000000000258
2.9179999999998705 0.38640000000002583
2.9189999999998704 0.38620000000002586
2.9199999999998703 0.3860000000000259
2.92099999999987 0.3858000000000259
2.92199999999987 0.3856000000000259
2.92299999999987 0.38540000000002594
2.92399999999987 0.38520000000002597
2.9249999999998697 0.385000000000026
2.9259999999998696 0.384800000000026
2.9269999999998695 0.38460000000002603
2.9279999999998694 0.38440000000002605
2.9289999999998693 0.3842000000000261
2.929999999999869 0.3840000000000261
2.930999999999869 0.3838000000000261
2.931999999999869 0.38360000000002614
2.932999999999869 0.38340000000002616
2.9339999999998687 0.3832000000000262
2.9349999999998686 0.3830000000000262
2.9359999999998685 0.38280000000002623
2.9369999999998684 0.38260000000002625
2.9379999999998683 0.3824000000000263
2.938999999999868 0.3822000000000263
2.939999999999868 0.3820000000000263
2.940999999999868 0.38180000000002634
2.941999999999868 0.38160000000002636
2.9429999999998677 0.3814000000000264
2.9439999999998676 0.3812000000000264
2.9449999999998675 0.38100000000002643
2.9459999999998674 0.38080000000002645
2.9469999999998673 0.3806000000000265
2.947999999999867 0.3804000000000265
2.948999999999867 0.3802000000000265
2.949999999999867 0.38000000000002654
2.950999999999867 0.37980000000002656
2.9519999999998667 0.3796000000000266
2.9529999999998666 0.3794000000000266
2.9539999999998665 0.3792000000000266
2.9549999999998664 0.37900000000002665
2.9559999999998663 0.37880000000002667
2.956999999999866 0.3786000000000267
2.957999999999866 0.3784000000000267
2.958999999999866 0.37820000000002674
2.959999999999866 0.37800000000002676
2.9609999999998657 0.3778000000000268
2.9619999999998656 0.3776000000000268
2.9629999999998655 0.3774000000000268
2.9639999999998654 0.37720000000002685
2.9649999999998653 0.37700000000002687
2.965999999999865 0.3768000000000269
2.966999999999865 0.3766000000000269
2.967999999999865 0.37640000000002694
2.968999999999865 0.37620000000002696
2.9699999999998647 0.376000000000027
2.9709999999998646 0.375800000000027
2.9719999999998645 0.375600000000027
2.9729999999998644 0.37540000000002705
2.9739999999998643 0.37520000000002707
2.974999999999864 0.3750000000000271
2.975999999999864 0.3748000000000271
2.976999999999864 0.37460000000002713
2.977999999999864 0.37440000000002716
2.9789999999998638 0.3742000000000272
2.9799999999998636 0.3740000000000272
2.9809999999998635 0.3738000000000272
2.9819999999998634 0.37360000000002724
2.9829999999998633 0.37340000000002727
2.983999999999863 0.3732000000000273
2.984999999999863 0.3730000000000273
2.985999999999863 0.37280000000002733
2.986999999999863 0.37260000000002735
2.9879999999998628 0.3724000000000274
2.9889999999998627 0.3722000000000274
2.9899999999998625 0.3720000000000274
2.9909999999998624 0.37180000000002744
2.9919999999998623 0.37160000000002746
2.992999999999862 0.3714000000000275
2.993999999999862 0.3712000000000275
2.994999999999862 0.37100000000002753
2.995999999999862 0.37080000000002755
2.9969999999998618 0.3706000000000276
2.9979999999998617 0.3704000000000276
2.9989999999998616 0.3702000000000276
2.9999999999998614 0.37000000000002764
3.0009999999998613 0.36980000000002766
3.0019999999998612 0.3696000000000277
3.002999999999861 0.3694000000000277
3.003999999999861 0.36920000000002773
3.004999999999861 0.36900000000002775
3.005999999999861 0.3688000000000278
3.0069999999998607 0.3686000000000278
3.0079999999998606 0.3684000000000278
3.0089999999998605 0.36820000000002784
3.0099999999998603 0.36800000000002786
3.0109999999998602 0.3678000000000279
3.01199999999986 0.3676000000000279
3.01299999999986 0.3674000000000279
3.01399999999986 0.36720000000002795
3.01499999999986 0.36700000000002797
3.0159999999998597 0.366800000000028
3.0169999999998596 0.366600000000028
3.0179999999998595 0.36640000000002804
3.0189999999998594 0.36620000000002806
3.0199999999998592 0.3660000000000281
3.020999999999859 0.3658000000000281
3.021999999999859 0.3656000000000281
3.022999999999859 0.36540000000002815
3.023999999999859 0.36520000000002817
3.0249999999998587 0.3650000000000282
3.0259999999998586 0.3648000000000282
3.0269999999998585 0.36460000000002823
3.0279999999998584 0.36440000000002826
3.0289999999998583 0.3642000000000283
3.029999999999858 0.3640000000000283
3.030999999999858 0.3638000000000283
3.031999999999858 0.36360000000002834
3.032999999999858 0.36340000000002837
3.0339999999998577 0.3632000000000284
3.0349999999998576 0.3630000000000284
3.0359999999998575 0.36280000000002843
3.0369999999998574 0.36260000000002846
3.0379999999998573 0.3624000000000285
3.038999999999857 0.3622000000000285
3.039999999999857 0.3620000000000285
3.040999999999857 0.36180000000002854
3.041999999999857 0.36160000000002857
3.0429999999998567 0.3614000000000286
3.0439999999998566 0.3612000000000286
3.0449999999998565 0.36100000000002863
3.0459999999998564 0.36080000000002865
3.0469999999998563 0.3606000000000287
3.047999999999856 0.3604000000000287
3.048999999999856 0.3602000000000287
3.049999999999856 0.36000000000002874
3.050999999999856 0.35980000000002876
3.0519999999998557 0.3596000000000288
3.0529999999998556 0.3594000000000288
3.0539999999998555 0.35920000000002883
3.0549999999998554 0.35900000000002885
3.0559999999998553 0.3588000000000289
3.056999999999855 0.3586000000000289
3.057999999999855 0.3584000000000289
3.058999999999855 0.35820000000002894
3.059999999999855 0.35800000000002896
3.0609999999998547 0.357800000000029
3.0619999999998546 0.357600000000029
3.0629999999998545 0.35740000000002903
3.0639999999998544 0.35720000000002905
3.0649999999998543 0.35700000000002907
3.065999999999854 0.3568000000000291
3.066999999999854 0.3566000000000291
3.067999999999854 0.35640000000002914
3.068999999999854 0.35620000000002916
3.0699999999998537 0.3560000000000292
3.0709999999998536 0.3558000000000292
3.0719999999998535 0.3556000000000292
3.0729999999998534 0.35540000000002925
3.0739999999998533 0.35520000000002927
3.074999999999853 0.3550000000000293
3.075999999999853 0.3548000000000293
3.076999999999853 0.35460000000002934
3.077999999999853 0.35440000000002936
3.0789999999998527 0.3542000000000294
3.0799999999998526 0.3540000000000294
3.0809999999998525 0.3538000000000294
3.0819999999998524 0.35360000000002945
3.0829999999998523 0.35340000000002947
3.083999999999852 0.3532000000000295
3.084999999999852 0.3530000000000295
3.085999999999852 0.35280000000002953
3.086999999999852 0.35260000000002956
3.0879999999998518 0.3524000000000296
3.0889999999998516 0.3522000000000296
3.0899999999998515 0.3520000000000296
3.0909999999998514 0.35180000000002964
3.0919999999998513 0.35160000000002967
3.092999999999851 0.3514000000000297
3.093999999999851 0.3512000000000297
3.094999999999851 0.35100000000002973
3.095999999999851 0.35080000000002975
3.0969999999998508 0.3506000000000298
3.0979999999998507 0.3504000000000298
3.0989999999998505 0.3502000000000298
3.0999999999998504 0.35000000000002984
3.1009999999998503 0.34980000000002986
3.10199999999985 0.3496000000000299
3.10299999999985 0.3494000000000299
3.10399999999985 0.34920000000002993
3.10499999999985 0.34900000000002995
3.1059999999998498 0.34880000000003
3.1069999999998497 0.34860000000003
3.1079999999998495 0.34840000000003
3.1089999999998494 0.34820000000003004
3.1099999999998493 0.34800000000003006
3.110999999999849 0.3478000000000301
3.111999999999849 0.3476000000000301
3.112999999999849 0.34740000000003013
3.113999999999849 0.34720000000003015
3.114999999999849 0.3470000000000302
3.1159999999998487 0.3468000000000302
3.1169999999998486 0.3466000000000302
3.1179999999998484 0.34640000000003024
3.1189999999998483 0.34620000000003026
3.1199999999998482 0.3460000000000303
3.120999999999848 0.3458000000000303
3.121999999999848 0.3456000000000303
3.122999999999848 0.34540000000003035
3.123999999999848 0.34520000000003037
3.1249999999998477 0.3450000000000304
3.1259999999998476 0.3448000000000304
3.1269999999998475 0.34460000000003044
3.1279999999998473 0.34440000000003046
3.1289999999998472 0.3442000000000305
3.129999999999847 0.3440000000000305
3.130999999999847 0.3438000000000305
3.131999999999847 0.34360000000003055
3.132999999999847 0.34340000000003057
3.1339999999998467 0.3432000000000306
3.1349999999998466 0.3430000000000306
3.1359999999998465 0.34280000000003064
3.1369999999998464 0.34260000000003066
3.1379999999998462 0.3424000000000307
3.138999999999846 0.3422000000000307
3.139999999999846 0.3420000000000307
3.140999999999846 0.34180000000003075
3.141999999999846 0.34160000000003077
3.1429999999998457 0.3414000000000308
3.1439999999998456 0.3412000000000308
3.1449999999998455 0.34100000000003083
3.1459999999998454 0.34080000000003086
3.1469999999998453 0.3406000000000309
3.147999999999845 0.3404000000000309
3.148999999999845 0.3402000000000309
3.149999999999845 0.34000000000003094
3.150999999999845 0.33980000000003097
3.1519999999998447 0.339600000000031
3.1529999999998446 0.339400000000031
3.1539999999998445 0.33920000000003103
3.1549999999998444 0.33900000000003105
3.1559999999998443 0.3388000000000311
3.156999999999844 0.3386000000000311
3.157999999999844 0.3384000000000311
3.158999999999844 0.33820000000003114
3.159999999999844 0.33800000000003116
3.1609999999998437 0.3378000000000312
3.1619999999998436 0.3376000000000312
3.1629999999998435 0.33740000000003123
3.1639999999998434 0.33720000000003125
3.1649999999998433 0.3370000000000313
3.165999999999843 0.3368000000000313
3.166999999999843 0.3366000000000313
3.167999999999843 0.33640000000003134
3.168999999999843 0.33620000000003136
3.1699999999998427 0.3360000000000314
3.1709999999998426 0.3358000000000314
3.1719999999998425 0.33560000000003143
3.1729999999998424 0.33540000000003145
3.1739999999998423 0.3352000000000315
3.174999999999842 0.3350000000000315
3.175999999999842 0.3348000000000315
3.176999999999842 0.33460000000003154
3.177999999999842 0.33440000000003156
3.1789999999998417 0.3342000000000316
3.1799999999998416 0.3340000000000316
3.1809999999998415 0.3338000000000316
3.1819999999998414 0.33360000000003165
3.1829999999998413 0.33340000000003167
3.183999999999841 0.3332000000000317
3.184999999999841 0.3330000000000317
3.185999999999841 0.33280000000003174
3.186999999999841 0.33260000000003176
3.1879999999998407 0.3324000000000318
3.1889999999998406 0.3322000000000318
3.1899999999998405 0.3320000000000318
3.1909999999998404 0.33180000000003185
3.1919999999998403 0.33160000000003187
3.19299999999984 0.3314000000000319
3.19399999999984 0.3312000000000319
3.19499999999984 0.33100000000003194
3.19599999999984 0.33080000000003196
3.1969999999998397 0.330600000000032
3.1979999999998396 0.330400000000032
3.1989999999998395 0.330200000000032
3.1999999999998394 0.33000000000003205
3.2009999999998393 0.32980000000003207
3.201999999999839 0.3296000000000321
3.202999999999839 0.3294000000000321
3.203999999999839 0.32920000000003213
3.204999999999839 0.32900000000003216
3.2059999999998388 0.3288000000000322
3.2069999999998386 0.3286000000000322
3.2079999999998385 0.3284000000000322
3.2089999999998384 0.32820000000003224
3.2099999999998383 0.32800000000003227
3.210999999999838 0.3278000000000323
3.211999999999838 0.3276000000000323
3.212999999999838 0.32740000000003233
3.213999999999838 0.32720000000003235
3.2149999999998378 0.3270000000000324
3.2159999999998377 0.3268000000000324
3.2169999999998375 0.3266000000000324
3.2179999999998374 0.32640000000003244
3.2189999999998373 0.32620000000003246
3.219999999999837 0.3260000000000325
3.220999999999837 0.3258000000000325
3.221999999999837 0.32560000000003253
3.222999999999837 0.32540000000003255
3.2239999999998368 0.3252000000000326
3.2249999999998367 0.3250000000000326
3.2259999999998366 0.3248000000000326
3.2269999999998364 0.32460000000003264
3.2279999999998363 0.32440000000003266
3.2289999999998362 0.3242000000000327
3.229999999999836 0.3240000000000327
3.230999999999836 0.32380000000003273
3.231999999999836 0.32360000000003275
3.232999999999836 0.3234000000000328
3.2339999999998357 0.3232000000000328
3.2349999999998356 0.3230000000000328
3.2359999999998355 0.32280000000003284
3.2369999999998353 0.32260000000003286
3.2379999999998352 0.3224000000000329
3.238999999999835 0.3222000000000329
3.239999999999835 0.3220000000000329
3.240999999999835 0.32180000000003295
3.241999999999835 0.32160000000003297
3.2429999999998347 0.321400000000033
3.2439999999998346 0.321200000000033
3.2449999999998345 0.32100000000003304
3.2459999999998344 0.32080000000003306
3.2469999999998342 0.3206000000000331
3.247999999999834 0.3204000000000331
3.248999999999834 0.3202000000000331
3.249999999999834 0.32000000000003315
3.250999999999834 0.31980000000003317
3.2519999999998337 0.3196000000000332
3.2529999999998336 0.3194000000000332
3.2539999999998335 0.31920000000003323
3.2549999999998334 0.31900000000003326
3.2559999999998332 0.3188000000000333
3.256999999999833 0.3186000000000333
3.257999999999833 0.3184000000000333
3.258999999999833 0.31820000000003335
3.259999999999833 0.31800000000003337
3.2609999999998327 0.3178000000000334
3.2619999999998326 0.3176000000000334
3.2629999999998325 0.31740000000003343
3.2639999999998324 0.31720000000003346
3.2649999999998323 0.3170000000000335
3.265999999999832 0.3168000000000335
3.266999999999832 0.3166000000000335
3.267999999999832 0.31640000000003354
3.268999999999832 0.31620000000003357
3.2699999999998317 0.3160000000000336
3.2709999999998316 0.3158000000000336
3.2719999999998315 0.31560000000003363
3.2729999999998314 0.31540000000003365
3.2739999999998313 0.3152000000000337
3.274999999999831 0.3150000000000337
3.275999999999831 0.3148000000000337
3.276999999999831 0.31460000000003374
3.277999999999831 0.31440000000003376
3.2789999999998307 0.3142000000000338
3.2799999999998306 0.3140000000000338
3.2809999999998305 0.31380000000003383
3.2819999999998304 0.31360000000003385
3.2829999999998303 0.3134000000000339
3.28399999999983 0.3132000000000339
3.28499999999983 0.3130000000000339
3.28599999999983 0.31280000000003394
3.28699999999983 0.31260000000003396
3.2879999999998297 0.312400000000034
3.2889999999998296 0.312200000000034
3.2899999999998295 0.31200000000003403
3.2909999999998294 0.31180000000003405
3.2919999999998293 0.31160000000003407
3.292999999999829 0.3114000000000341
3.293999999999829 0.3112000000000341
3.294999999999829 0.31100000000003414
3.295999999999829 0.31080000000003416
3.2969999999998287 0.3106000000000342
3.2979999999998286 0.3104000000000342
3.2989999999998285 0.3102000000000342
3.2999999999998284 0.31000000000003425
3.3009999999998283 0.30980000000003427
3.301999999999828 0.3096000000000343
3.302999999999828 0.3094000000000343
3.303999999999828 0.30920000000003434
3.304999999999828 0.30900000000003436
3.3059999999998277 0.3088000000000344
3.3069999999998276 0.3086000000000344
3.3079999999998275 0.3084000000000344
3.3089999999998274 0.30820000000003445
3.3099999999998273 0.30800000000003447
3.310999999999827 0.3078000000000345
3.311999999999827 0.3076000000000345
3.312999999999827 0.30740000000003453
3.313999999999827 0.30720000000003456
3.3149999999998268 0.3070000000000346
3.3159999999998266 0.3068000000000346
3.3169999999998265 0.3066000000000346
3.3179999999998264 0.30640000000003464
3.3189999999998263 0.30620000000003467
3.319999999999826 0.3060000000000347
3.320999999999826 0.3058000000000347
3.321999999999826 0.30560000000003473
3.322999999999826 0.30540000000003475
3.3239999999998258 0.3052000000000348
3.3249999999998257 0.3050000000000348
3.3259999999998255 0.3048000000000348
3.3269999999998254 0.30460000000003484
3.3279999999998253 0.30440000000003486
3.328999999999825 0.3042000000000349
3.329999999999825 0.3040000000000349
3.330999999999825 0.30380000000003493
3.331999999999825 0.30360000000003495
3.3329999999998248 0.303400000000035
3.3339999999998247 0.303200000000035
3.3349999999998245 0.303000000000035
3.3359999999998244 0.30280000000003504
3.3369999999998243 0.30260000000003506
3.337999999999824 0.3024000000000351
3.338999999999824 0.3022000000000351
3.339999999999824 0.30200000000003513
3.340999999999824 0.30180000000003515
3.341999999999824 0.3016000000000352
3.3429999999998237 0.3014000000000352
3.3439999999998236 0.3012000000000352
3.3449999999998234 0.30100000000003524
3.3459999999998233 0.30080000000003526
3.3469999999998232 0.3006000000000353
3.347999999999823 0.3004000000000353
3.348999999999823 0.3002000000000353
3.349999999999823 0.30000000000003535
3.350999999999823 0.29980000000003537
3.3519999999998227 0.2996000000000354
3.3529999999998226 0.2994000000000354
3.3539999999998225 0.29920000000003544
3.3549999999998223 0.29900000000003546
3.3559999999998222 0.2988000000000355
3.356999999999822 0.2986000000000355
3.357999999999822 0.2984000000000355
3.358999999999822 0.29820000000003555
3.359999999999822 0.29800000000003557
3.3609999999998217 0.2978000000000356
3.3619999999998216 0.2976000000000356
3.3629999999998215 0.29740000000003564
3.3639999999998214 0.29720000000003566
3.3649999999998212 0.2970000000000357
3.365999999999821 0.2968000000000357
3.366999999999821 0.2966000000000357
3.367999999999821 0.29640000000003575
3.368999999999821 0.29620000000003577
3.3699999999998207 0.2960000000000358
3.3709999999998206 0.2958000000000358
3.3719999999998205 0.29560000000003583
3.3729999999998204 0.29540000000003586
3.3739999999998203 0.2952000000000359
3.37499999999982 0.2950000000000359
3.37599999999982 0.2948000000000359
3.37699999999982 0.29460000000003594
3.37799999999982 0.29440000000003597
3.3789999999998197 0.294200000000036
3.3799999999998196 0.294000000000036
3.3809999999998195 0.29380000000003603
3.3819999999998194 0.29360000000003605
3.3829999999998193 0.2934000000000361
3.383999999999819 0.2932000000000361
3.384999999999819 0.2930000000000361
3.385999999999819 0.29280000000003614
3.386999999999819 0.29260000000003616
3.3879999999998187 0.2924000000000362
3.3889999999998186 0.2922000000000362
3.3899999999998185 0.29200000000003623
3.3909999999998184 0.29180000000003625
3.3919999999998183 0.2916000000000363
3.392999999999818 0.2914000000000363
3.393999999999818 0.2912000000000363
3.394999999999818 0.29100000000003634
3.395999999999818 0.29080000000003636
3.3969999999998177 0.2906000000000364
3.3979999999998176 0.2904000000000364
3.3989999999998175 0.29020000000003643
3.3999999999998174 0.29000000000003645
3.4009999999998173 0.2898000000000365
3.401999999999817 0.2896000000000365
3.402999999999817 0.2894000000000365
3.403999999999817 0.28920000000003654
3.404999999999817 0.28900000000003656
3.4059999999998167 0.2888000000000366
3.4069999999998166 0.2886000000000366
3.4079999999998165 0.2884000000000366
3.4089999999998164 0.28820000000003665
3.4099999999998163 0.28800000000003667
3.410999999999816 0.2878000000000367
3.411999999999816 0.2876000000000367
3.412999999999816 0.28740000000003674
3.413999999999816 0.28720000000003676
3.4149999999998157 0.2870000000000368
3.4159999999998156 0.2868000000000368
3.4169999999998155 0.2866000000000368
3.4179999999998154 0.28640000000003685
3.4189999999998153 0.28620000000003687
3.419999999999815 0.2860000000000369
3.420999999999815 0.2858000000000369
3.421999999999815 0.28560000000003694
3.422999999999815 0.28540000000003696
3.4239999999998147 0.285200000000037
3.4249999999998146 0.285000000000037
3.4259999999998145 0.284800000000037
3.4269999999998144 0.28460000000003705
3.4279999999998143 0.28440000000003707
3.428999999999814 0.2842000000000371
3.429999999999814 0.2840000000000371
3.430999999999814 0.28380000000003713
3.431999999999814 0.28360000000003716
3.4329999999998138 0.2834000000000372
3.4339999999998136 0.2832000000000372
3.4349999999998135 0.28300000000003744
3.4359999999998134 0.28280000000003724
3.4369999999998133 0.2826000000000375
3.437999999999813 0.2824000000000373
3.438999999999813 0.28220000000003753
3.439999999999813 0.28200000000003733
3.440999999999813 0.2818000000000376
3.4419999999998128 0.2816000000000374
3.4429999999998127 0.2814000000000376
3.4439999999998125 0.2812000000000374
3.4449999999998124 0.28100000000003766
3.4459999999998123 0.28080000000003746
3.446999999999812 0.2806000000000377
3.447999999999812 0.2804000000000375
3.448999999999812 0.28020000000003775
3.449999999999812 0.28000000000003755
3.4509999999998118 0.2798000000000378
3.4519999999998117 0.2796000000000376
3.4529999999998116 0.27940000000003784
3.4539999999998114 0.27920000000003764
3.4549999999998113 0.2790000000000379
3.4559999999998112 0.2788000000000377
3.456999999999811 0.27860000000003793
3.457999999999811 0.27840000000003773
3.458999999999811 0.278200000000038
3.459999999999811 0.2780000000000378
3.4609999999998107 0.277800000000038
3.4619999999998106 0.2776000000000378
3.4629999999998105 0.27740000000003806
3.4639999999998103 0.27720000000003786
3.4649999999998102 0.2770000000000381
3.46599999999981 0.2768000000000379
3.46699999999981 0.27660000000003815
3.46799999999981 0.27640000000003795
3.46899999999981 0.2762000000000382
3.4699999999998097 0.276000000000038
3.4709999999998096 0.27580000000003824
3.4719999999998095 0.27560000000003804
3.4729999999998094 0.2754000000000383
3.4739999999998092 0.2752000000000381
3.474999999999809 0.2750000000000383
3.475999999999809 0.2748000000000381
3.476999999999809 0.27460000000003837
3.477999999999809 0.27440000000003817
3.4789999999998087 0.2742000000000384
3.4799999999998086 0.2740000000000382
3.4809999999998085 0.27380000000003846
3.4819999999998084 0.27360000000003826
3.4829999999998082 0.2734000000000385
3.483999999999808 0.2732000000000383
3.484999999999808 0.27300000000003855
3.485999999999808 0.27280000000003835
3.486999999999808 0.2726000000000386
3.4879999999998077 0.2724000000000384
3.4889999999998076 0.27220000000003863
3.4899999999998075 0.27200000000003843
3.4909999999998074 0.2718000000000387
3.4919999999998073 0.2716000000000385
3.492999999999807 0.2714000000000387
3.493999999999807 0.2712000000000385
3.494999999999807 0.27100000000003877
3.495999999999807 0.27080000000003857
3.4969999999998067 0.2706000000000388
3.4979999999998066 0.2704000000000386
3.4989999999998065 0.27020000000003885
3.4999999999998064 0.27000000000003865
3.5009999999998063 0.2698000000000389
3.501999999999806 0.2696000000000387
3.502999999999806 0.26940000000003894
3.503999999999806 0.26920000000003874
3.504999999999806 0.269000000000039
3.5059999999998057 0.2688000000000388
3.5069999999998056 0.26860000000003903
3.5079999999998055 0.26840000000003883
3.5089999999998054 0.2682000000000391
3.5099999999998053 0.2680000000000389
3.510999999999805 0.2678000000000391
3.511999999999805 0.2676000000000389
3.512999999999805 0.26740000000003916
3.513999999999805 0.26720000000003896
3.5149999999998047 0.2670000000000392
3.5159999999998046 0.266800000000039
3.5169999999998045 0.26660000000003925
3.5179999999998044 0.26640000000003905
3.5189999999998043 0.2662000000000393
3.519999999999804 0.2660000000000391
3.520999999999804 0.26580000000003934
3.521999999999804 0.26560000000003914
3.522999999999804 0.2654000000000394
3.5239999999998037 0.2652000000000392
3.5249999999998036 0.2650000000000394
3.5259999999998035 0.2648000000000392
3.5269999999998034 0.26460000000003947
3.5279999999998033 0.26440000000003927
3.528999999999803 0.2642000000000395
3.529999999999803 0.2640000000000393
3.530999999999803 0.26380000000003956
3.531999999999803 0.26360000000003936
3.5329999999998027 0.2634000000000396
3.5339999999998026 0.2632000000000394
3.5349999999998025 0.26300000000003965
3.5359999999998024 0.26280000000003945
3.5369999999998023 0.2626000000000397
3.537999999999802 0.2624000000000395
3.538999999999802 0.26220000000003973
3.539999999999802 0.26200000000003953
3.540999999999802 0.2618000000000398
3.5419999999998018 0.2616000000000396
3.5429999999998016 0.2614000000000398
3.5439999999998015 0.2612000000000396
3.5449999999998014 0.26100000000003987
3.5459999999998013 0.26080000000003967
3.546999999999801 0.2606000000000399
3.547999999999801 0.2604000000000397
3.548999999999801 0.26020000000003995
3.549999999999801 0.26000000000003975
3.5509999999998008 0.25980000000004
3.5519999999998007 0.2596000000000398
3.5529999999998005 0.25940000000004004
3.5539999999998004 0.25920000000003984
3.5549999999998003 0.2590000000000401
3.5559999999998 0.2588000000000399
3.5569999999998 0.25860000000004013
3.5579999999998 0.25840000000003993
3.5589999999998 0.2582000000000402
3.5599999999997998 0.25800000000004
3.5609999999997997 0.2578000000000402
3.5619999999997995 0.25760000000004
3.5629999999997994 0.25740000000004026
3.5639999999997993 0.25720000000004006
3.564999999999799 0.2570000000000403
3.565999999999799 0.2568000000000401
3.566999999999799 0.25660000000004035
3.567999999999799 0.25640000000004015
3.5689999999997988 0.2562000000000404
3.5699999999997987 0.2560000000000402
3.5709999999997986 0.25580000000004044
3.5719999999997984 0.25560000000004024
3.5729999999997983 0.2554000000000405
3.5739999999997982 0.2552000000000403
3.574999999999798 0.2550000000000405
3.575999999999798 0.2548000000000403
3.576999999999798 0.25460000000004057
3.577999999999798 0.25440000000004037
3.5789999999997977 0.2542000000000406
3.5799999999997976 0.2540000000000404
3.5809999999997975 0.25380000000004066
3.5819999999997973 0.25360000000004046
3.5829999999997972 0.2534000000000407
3.583999999999797 0.2532000000000405
3.584999999999797 0.25300000000004075
3.585999999999797 0.25280000000004055
3.586999999999797 0.2526000000000408
3.5879999999997967 0.2524000000000406
3.5889999999997966 0.25220000000004084
3.5899999999997965 0.25200000000004064
3.5909999999997964 0.2518000000000409
3.5919999999997962 0.2516000000000407
3.592999999999796 0.2514000000000409
3.593999999999796 0.2512000000000407
3.594999999999796 0.25100000000004097
3.595999999999796 0.25080000000004077
3.5969999999997957 0.250600000000041
3.5979999999997956 0.2504000000000408
3.5989999999997955 0.25020000000004106
3.5999999999997954 0.25000000000004086
3.6009999999997953 0.2498000000000411
3.601999999999795 0.2496000000000409
3.602999999999795 0.24940000000004114
3.603999999999795 0.24920000000004094
3.604999999999795 0.2490000000000412
3.6059999999997947 0.248800000000041
3.6069999999997946 0.24860000000004123
3.6079999999997945 0.24840000000004103
3.6089999999997944 0.24820000000004128
3.6099999999997943 0.24800000000004108
3.610999999999794 0.24780000000004132
3.611999999999794 0.24760000000004112
3.612999999999794 0.24740000000004136
3.613999999999794 0.24720000000004116
3.6149999999997937 0.2470000000000414
3.6159999999997936 0.2468000000000412
3.6169999999997935 0.24660000000004145
3.6179999999997934 0.24640000000004125
3.6189999999997933 0.2462000000000415
3.619999999999793 0.2460000000000413
3.620999999999793 0.24580000000004154
3.621999999999793 0.24560000000004134
3.622999999999793 0.24540000000004158
3.6239999999997927 0.24520000000004138
3.6249999999997926 0.24500000000004163
3.6259999999997925 0.24480000000004143
3.6269999999997924 0.24460000000004167
3.6279999999997923 0.24440000000004147
3.628999999999792 0.24420000000004172
3.629999999999792 0.24400000000004152
3.630999999999792 0.24380000000004176
3.631999999999792 0.24360000000004156
3.6329999999997917 0.2434000000000418
3.6339999999997916 0.2432000000000416
3.6349999999997915 0.24300000000004185
3.6359999999997914 0.24280000000004165
3.6369999999997913 0.2426000000000419
3.637999999999791 0.2424000000000417
3.638999999999791 0.24220000000004194
3.639999999999791 0.24200000000004174
3.640999999999791 0.24180000000004198
3.6419999999997907 0.24160000000004178
3.6429999999997906 0.24140000000004203
3.6439999999997905 0.24120000000004183
3.6449999999997904 0.24100000000004207
3.6459999999997903 0.24080000000004187
3.64699999999979 0.2406000000000421
3.64799999999979 0.2404000000000419
3.64899999999979 0.24020000000004216
3.64999999999979 0.24000000000004196
3.6509999999997897 0.2398000000000422
3.6519999999997896 0.239600000000042
3.6529999999997895 0.23940000000004225
3.6539999999997894 0.23920000000004205
3.6549999999997893 0.2390000000000423
3.655999999999789 0.2388000000000421
3.656999999999789 0.23860000000004233
3.657999999999789 0.23840000000004213
3.658999999999789 0.23820000000004238
3.6599999999997888 0.23800000000004218
3.6609999999997886 0.23780000000004242
3.6619999999997885 0.23760000000004222
3.6629999999997884 0.23740000000004247
3.6639999999997883 0.23720000000004227
3.664999999999788 0.2370000000000425
3.665999999999788 0.2368000000000423
3.666999999999788 0.23660000000004255
3.667999999999788 0.23640000000004235
3.6689999999997878 0.2362000000000426
3.6699999999997877 0.2360000000000424
3.6709999999997875 0.23580000000004264
3.6719999999997874 0.23560000000004244
3.6729999999997873 0.2354000000000427
3.673999999999787 0.2352000000000425
3.674999999999787 0.23500000000004273
3.675999999999787 0.23480000000004253
3.676999999999787 0.23460000000004277
3.6779999999997868 0.23440000000004257
3.6789999999997867 0.23420000000004282
3.6799999999997866 0.23400000000004262
3.6809999999997864 0.23380000000004286
3.6819999999997863 0.23360000000004266
3.6829999999997862 0.2334000000000429
3.683999999999786 0.2332000000000427
3.684999999999786 0.23300000000004295
3.685999999999786 0.23280000000004275
3.686999999999786 0.232600000000043
3.6879999999997857 0.2324000000000428
3.6889999999997856 0.23220000000004304
3.6899999999997855 0.23200000000004284
3.6909999999997853 0.23180000000004308
3.6919999999997852 0.23160000000004288
3.692999999999785 0.23140000000004313
3.693999999999785 0.23120000000004293
3.694999999999785 0.23100000000004317
3.695999999999785 0.23080000000004297
3.6969999999997847 0.23060000000004321
3.6979999999997846 0.23040000000004301
3.6989999999997845 0.23020000000004326
3.6999999999997844 0.23000000000004306
3.7009999999997842 0.2298000000000433
3.701999999999784 0.2296000000000431
3.702999999999784 0.22940000000004335
3.703999999999784 0.22920000000004315
3.704999999999784 0.2290000000000434
3.7059999999997837 0.2288000000000432
3.7069999999997836 0.22860000000004344
3.7079999999997835 0.22840000000004324
3.7089999999997834 0.22820000000004348
3.7099999999997832 0.22800000000004328
3.710999999999783 0.22780000000004352
3.711999999999783 0.22760000000004332
3.712999999999783 0.22740000000004357
3.713999999999783 0.22720000000004337
3.7149999999997827 0.2270000000000436
3.7159999999997826 0.2268000000000434
3.7169999999997825 0.22660000000004366
3.7179999999997824 0.22640000000004346
3.7189999999997823 0.2262000000000437
3.719999999999782 0.2260000000000435
3.720999999999782 0.22580000000004374
3.721999999999782 0.22560000000004354
3.722999999999782 0.2254000000000438
3.7239999999997817 0.2252000000000436
3.7249999999997816 0.22500000000004383
3.7259999999997815 0.22480000000004363
3.7269999999997814 0.22460000000004388
3.7279999999997813 0.22440000000004368
3.728999999999781 0.22420000000004392
3.729999999999781 0.22400000000004372
3.730999999999781 0.22380000000004396
3.731999999999781 0.22360000000004376
3.7329999999997807 0.223400000000044
3.7339999999997806 0.2232000000000438
3.7349999999997805 0.22300000000004405
3.7359999999997804 0.22280000000004385
3.7369999999997803 0.2226000000000441
3.73799999999978 0.2224000000000439
3.73899999999978 0.22220000000004414
3.73999999999978 0.22200000000004394
3.74099999999978 0.22180000000004418
3.7419999999997797 0.22160000000004398
3.7429999999997796 0.22140000000004423
3.7439999999997795 0.22120000000004403
3.7449999999997794 0.22100000000004427
3.7459999999997793 0.22080000000004407
3.746999999999779 0.22060000000004432
3.747999999999779 0.22040000000004412
3.748999999999779 0.22020000000004436
3.749999999999779 0.22000000000004416
3.7509999999997787 0.2198000000000444
3.7519999999997786 0.2196000000000442
3.7529999999997785 0.21940000000004445
3.7539999999997784 0.21920000000004425
3.7549999999997783 0.2190000000000445
3.755999999999778 0.2188000000000443
3.756999999999778 0.21860000000004454
3.757999999999778 0.21840000000004434
3.758999999999778 0.21820000000004458
3.7599999999997777 0.21800000000004438
3.7609999999997776 0.21780000000004462
3.7619999999997775 0.21760000000004442
3.7629999999997774 0.21740000000004467
3.7639999999997773 0.21720000000004447
3.764999999999777 0.2170000000000447
3.765999999999777 0.2168000000000445
3.766999999999777 0.21660000000004476
3.767999999999777 0.21640000000004456
3.7689999999997768 0.2162000000000448
3.7699999999997766 0.2160000000000446
3.7709999999997765 0.21580000000004484
3.7719999999997764 0.21560000000004464
3.7729999999997763 0.2154000000000449
3.773999999999776 0.2152000000000447
3.774999999999776 0.21500000000004493
3.775999999999776 0.21480000000004473
3.776999999999776 0.21460000000004498
3.7779999999997758 0.21440000000004478
3.7789999999997756 0.21420000000004502
3.7799999999997755 0.21400000000004482
3.7809999999997754 0.21380000000004507
3.7819999999997753 0.21360000000004487
3.782999999999775 0.2134000000000451
3.783999999999775 0.2132000000000449
3.784999999999775 0.21300000000004515
3.785999999999775 0.21280000000004495
3.7869999999997748 0.2126000000000452
3.7879999999997747 0.212400000000045
3.7889999999997745 0.21220000000004524
3.7899999999997744 0.21200000000004504
3.7909999999997743 0.21180000000004529
3.791999999999774 0.21160000000004509
3.792999999999774 0.21140000000004533
3.793999999999774 0.21120000000004513
3.794999999999774 0.21100000000004537
3.7959999999997738 0.21080000000004517
3.7969999999997737 0.21060000000004542
3.7979999999997736 0.21040000000004522
3.7989999999997734 0.21020000000004546
3.7999999999997733 0.21000000000004526
3.8009999999997732 0.2098000000000455
3.801999999999773 0.2096000000000453
3.802999999999773 0.20940000000004555
3.803999999999773 0.20920000000004535
3.804999999999773 0.2090000000000456
3.8059999999997727 0.2088000000000454
3.8069999999997726 0.20860000000004564
3.8079999999997725 0.20840000000004544
3.8089999999997723 0.20820000000004568
3.8099999999997722 0.20800000000004548
3.810999999999772 0.20780000000004573
3.811999999999772 0.20760000000004553
3.812999999999772 0.20740000000004577
3.813999999999772 0.20720000000004557
3.8149999999997717 0.20700000000004581
3.8159999999997716 0.20680000000004561
3.8169999999997715 0.20660000000004586
3.8179999999997714 0.20640000000004566
3.8189999999997712 0.2062000000000459
3.819999999999771 0.2060000000000457
3.820999999999771 0.20580000000004595
3.821999999999771 0.20560000000004575
3.822999999999771 0.205400000000046
3.8239999999997707 0.2052000000000458
3.8249999999997706 0.20500000000004603
3.8259999999997705 0.20480000000004583
3.8269999999997704 0.20460000000004608
3.8279999999997703 0.20440000000004588
3.82899999999977 0.20420000000004612
3.82999999999977 0.20400000000004592
3.83099999999977 0.20380000000004617
3.83199999999977 0.20360000000004597
3.8329999999997697 0.2034000000000462
3.8339999999997696 0.203200000000046
3.8349999999997695 0.20300000000004625
3.8359999999997694 0.20280000000004605
3.8369999999997693 0.2026000000000463
3.837999999999769 0.2024000000000461
3.838999999999769 0.20220000000004634
3.839999999999769 0.20200000000004614
3.840999999999769 0.2018000000000464
3.8419999999997687 0.2016000000000462
3.8429999999997686 0.20140000000004643
3.8439999999997685 0.20120000000004623
3.8449999999997684 0.20100000000004647
3.8459999999997683 0.20080000000004627
3.846999999999768 0.20060000000004652
3.847999999999768 0.20040000000004632
3.848999999999768 0.20020000000004656
3.849999999999768 0.20000000000004636
3.8509999999997677 0.1998000000000466
3.8519999999997676 0.1996000000000464
3.8529999999997675 0.19940000000004665
3.8539999999997674 0.19920000000004645
3.8549999999997673 0.1990000000000467
3.855999999999767 0.1988000000000465
3.856999999999767 0.19860000000004674
3.857999999999767 0.19840000000004654
3.858999999999767 0.19820000000004678
3.8599999999997667 0.19800000000004658
3.8609999999997666 0.19780000000004683
3.8619999999997665 0.19760000000004663
3.8629999999997664 0.19740000000004687
3.8639999999997663 0.19720000000004667
3.864999999999766 0.19700000000004692
3.865999999999766 0.19680000000004672
3.866999999999766 0.19660000000004696
3.867999999999766 0.19640000000004676
3.8689999999997657 0.196200000000047
3.8699999999997656 0.1960000000000468
3.8709999999997655 0.19580000000004705
3.8719999999997654 0.19560000000004685
3.8729999999997653 0.1954000000000471
3.873999999999765 0.1952000000000469
3.874999999999765 0.19500000000004714
3.875999999999765 0.19480000000004694
3.876999999999765 0.19460000000004718
3.8779999999997647 0.19440000000004698
3.8789999999997646 0.19420000000004722
3.8799999999997645 0.19400000000004702
3.8809999999997644 0.19380000000004727
3.8819999999997643 0.19360000000004707
3.882999999999764 0.1934000000000473
3.883999999999764 0.1932000000000471
3.884999999999764 0.19300000000004736
3.885999999999764 0.19280000000004716
3.8869999999997638 0.1926000000000474
3.8879999999997636 0.1924000000000472
3.8889999999997635 0.19220000000004744
3.8899999999997634 0.19200000000004724
3.8909999999997633 0.1918000000000475
3.891999999999763 0.1916000000000473
3.892999999999763 0.19140000000004753
3.893999999999763 0.19120000000004733
3.894999999999763 0.19100000000004758
3.8959999999997628 0.19080000000004738
3.8969999999997627 0.19060000000004762
3.8979999999997625 0.19040000000004742
3.8989999999997624 0.19020000000004766
3.8999999999997623 0.19000000000004746
3.900999999999762 0.1898000000000477
3.901999999999762 0.1896000000000475
3.902999999999762 0.18940000000004775
3.903999999999762 0.18920000000004755
3.9049999999997618 0.1890000000000478
3.9059999999997617 0.1888000000000476
3.9069999999997616 0.18860000000004784
3.9079999999997614 0.18840000000004764
3.9089999999997613 0.18820000000004788
3.9099999999997612 0.18800000000004768
3.910999999999761 0.18780000000004793
3.911999999999761 0.18760000000004773
3.912999999999761 0.18740000000004797
3.913999999999761 0.18720000000004777
3.9149999999997607 0.18700000000004802
3.9159999999997606 0.18680000000004782
3.9169999999997605 0.18660000000004806
3.9179999999997603 0.18640000000004786
3.9189999999997602 0.1862000000000481
3.91999999999976 0.1860000000000479
3.92099999999976 0.18580000000004815
3.92199999999976 0.18560000000004795
3.92299999999976 0.1854000000000482
3.9239999999997597 0.185200000000048
3.9249999999997596 0.18500000000004824
3.9259999999997595 0.18480000000004804
3.9269999999997593 0.18460000000004828
3.9279999999997592 0.18440000000004808
3.928999999999759 0.18420000000004833
3.929999999999759 0.18400000000004813
3.930999999999759 0.18380000000004837
3.931999999999759 0.18360000000004817
3.9329999999997587 0.1834000000000484
3.9339999999997586 0.1832000000000482
3.9349999999997585 0.18300000000004846
3.9359999999997584 0.18280000000004826
3.9369999999997582 0.1826000000000485
3.937999999999758 0.1824000000000483
3.938999999999758 0.18220000000004855
3.939999999999758 0.18200000000004835
3.940999999999758 0.1818000000000486
3.9419999999997577 0.1816000000000484
3.9429999999997576 0.18140000000004863
3.9439999999997575 0.18120000000004843
3.9449999999997574 0.18100000000004868
3.9459999999997573 0.18080000000004848
3.946999999999757 0.18060000000004872
3.947999999999757 0.18040000000004852
3.948999999999757 0.18020000000004877
3.949999999999757 0.18000000000004857
3.9509999999997567 0.1798000000000488
3.9519999999997566 0.1796000000000486
3.9529999999997565 0.17940000000004885
3.9539999999997564 0.17920000000004865
3.9549999999997563 0.1790000000000489
3.955999999999756 0.1788000000000487
3.956999999999756 0.17860000000004894
3.957999999999756 0.17840000000004874
3.958999999999756 0.17820000000004899
3.9599999999997557 0.17800000000004879
3.9609999999997556 0.17780000000004903
3.9619999999997555 0.17760000000004883
3.9629999999997554 0.17740000000004907
3.9639999999997553 0.17720000000004887
3.964999999999755 0.17700000000004912
3.965999999999755 0.17680000000004892
3.966999999999755 0.17660000000004916
3.967999999999755 0.17640000000004896
3.9689999999997547 0.1762000000000492
3.9699999999997546 0.176000000000049
3.9709999999997545 0.17580000000004925
3.9719999999997544 0.17560000000004905
3.9729999999997543 0.1754000000000493
3.973999999999754 0.1752000000000491
3.974999999999754 0.17500000000004934
3.975999999999754 0.17480000000004914
3.976999999999754 0.17460000000004938
3.9779999999997537 0.17440000000004918
3.9789999999997536 0.17420000000004943
3.9799999999997535 0.17400000000004923
3.9809999999997534 0.17380000000004947
3.9819999999997533 0.17360000000004927
3.982999999999753 0.17340000000004951
3.983999999999753 0.17320000000004931
3.984999999999753 0.17300000000004956
3.985999999999753 0.17280000000004936
3.9869999999997527 0.1726000000000496
3.9879999999997526 0.1724000000000494
3.9889999999997525 0.17220000000004965
3.9899999999997524 0.17200000000004945
3.9909999999997523 0.1718000000000497
3.991999999999752 0.1716000000000495
3.992999999999752 0.17140000000004973
3.993999999999752 0.17120000000004953
3.994999999999752 0.17100000000004978
3.9959999999997518 0.17080000000004958
3.9969999999997516 0.17060000000004982
3.9979999999997515 0.17040000000004962
3.9989999999997514 0.17020000000004987
3.9999999999997513 0.17000000000004967
