1.4 0.7500000000000002
1.4009999999999998 0.7499
1.4019999999999997 0.7497999999999998
1.4029999999999996 0.7497
1.4039999999999995 0.7496000000000003
1.4049999999999994 0.7495
1.4059999999999993 0.7493999999999998
1.4069999999999991 0.7493000000000001
1.407999999999999 0.7492000000000003
1.408999999999999 0.7491000000000001
1.4099999999999988 0.7489999999999999
1.4109999999999987 0.7489000000000001
1.4119999999999986 0.7488000000000004
1.4129999999999985 0.7487000000000001
1.4139999999999984 0.7485999999999999
1.4149999999999983 0.7485000000000002
1.4159999999999981 0.7484000000000004
1.416999999999998 0.7483000000000002
1.417999999999998 0.7482
1.4189999999999978 0.7481000000000002
1.4199999999999977 0.7480000000000004
1.4209999999999976 0.7479000000000002
1.4219999999999975 0.7478
1.4229999999999974 0.7477000000000003
1.4239999999999973 0.7476000000000005
1.4249999999999972 0.7475000000000003
1.425999999999997 0.7474000000000001
1.426999999999997 0.7473000000000003
1.4279999999999968 0.7472000000000005
1.4289999999999967 0.7471000000000003
1.4299999999999966 0.7470000000000001
1.4309999999999965 0.7469000000000003
1.4319999999999964 0.7468000000000006
1.4329999999999963 0.7467000000000004
1.4339999999999962 0.7466000000000002
1.434999999999996 0.7465000000000004
1.435999999999996 0.7464000000000006
1.4369999999999958 0.7463000000000004
1.4379999999999957 0.7462000000000002
1.4389999999999956 0.7461000000000004
1.4399999999999955 0.7460000000000007
1.4409999999999954 0.7459000000000005
1.4419999999999953 0.7458000000000002
1.4429999999999952 0.7457000000000005
1.443999999999995 0.7456000000000007
1.444999999999995 0.7455000000000005
1.4459999999999948 0.7454000000000003
1.4469999999999947 0.7453000000000005
1.4479999999999946 0.7452000000000008
1.4489999999999945 0.7451000000000005
1.4499999999999944 0.7450000000000003
1.4509999999999943 0.7449000000000006
1.4519999999999942 0.7448000000000008
1.452999999999994 0.7447000000000006
1.453999999999994 0.7446000000000004
1.4549999999999939 0.7445000000000006
1.4559999999999937 0.7444000000000008
1.4569999999999936 0.7443000000000006
1.4579999999999935 0.7442000000000004
1.4589999999999934 0.7441000000000006
1.4599999999999933 0.7440000000000009
1.4609999999999932 0.7439000000000007
1.461999999999993 0.7438000000000005
1.462999999999993 0.7437000000000007
1.4639999999999929 0.7436000000000009
1.4649999999999928 0.7435000000000007
1.4659999999999926 0.7434000000000005
1.4669999999999925 0.7433000000000007
1.4679999999999924 0.743200000000001
1.4689999999999923 0.7431000000000008
1.4699999999999922 0.7430000000000005
1.470999999999992 0.7429000000000008
1.471999999999992 0.742800000000001
1.4729999999999919 0.7427000000000008
1.4739999999999918 0.7426000000000006
1.4749999999999917 0.7425000000000008
1.4759999999999915 0.7424000000000011
1.4769999999999914 0.7423000000000008
1.4779999999999913 0.7422000000000006
1.4789999999999912 0.7421000000000009
1.479999999999991 0.7420000000000011
1.480999999999991 0.7419000000000009
1.4819999999999909 0.7418000000000007
1.4829999999999908 0.7417000000000009
1.4839999999999907 0.7416000000000011
1.4849999999999905 0.7415000000000009
1.4859999999999904 0.7414000000000007
1.4869999999999903 0.741300000000001
1.4879999999999902 0.7412000000000012
1.48899999999999 0.741100000000001
1.48999999999999 0.7410000000000008
1.4909999999999899 0.740900000000001
1.4919999999999898 0.7408000000000012
1.4929999999999897 0.740700000000001
1.4939999999999896 0.7406000000000008
1.4949999999999894 0.740500000000001
1.4959999999999893 0.7404000000000013
1.4969999999999892 0.7403000000000011
1.4979999999999891 0.7402000000000009
1.498999999999989 0.7401000000000011
1.499999999999989 0.7400000000000013
1.5009999999999888 0.7399000000000011
1.5019999999999887 0.7398000000000009
1.5029999999999886 0.7397000000000011
1.5039999999999885 0.7396000000000014
1.5049999999999883 0.7395000000000012
1.5059999999999882 0.739400000000001
1.5069999999999881 0.7393000000000012
1.507999999999988 0.7392000000000014
1.508999999999988 0.7391000000000012
1.5099999999999878 0.739000000000001
1.5109999999999877 0.7389000000000012
1.5119999999999876 0.7388000000000015
1.5129999999999875 0.7387000000000012
1.5139999999999874 0.738600000000001
1.5149999999999872 0.7385000000000013
1.5159999999999871 0.7384000000000015
1.516999999999987 0.7383000000000013
1.517999999999987 0.7382000000000011
1.5189999999999868 0.7381000000000013
1.5199999999999867 0.7380000000000015
1.5209999999999866 0.7379000000000013
1.5219999999999865 0.7378000000000011
1.5229999999999864 0.7377000000000014
1.5239999999999863 0.7376000000000016
1.5249999999999861 0.7375000000000014
1.525999999999986 0.7374000000000012
1.526999999999986 0.7373000000000014
1.5279999999999858 0.7372000000000016
1.5289999999999857 0.7371000000000014
1.5299999999999856 0.7370000000000012
1.5309999999999855 0.7369000000000014
1.5319999999999854 0.7368000000000017
1.5329999999999853 0.7367000000000015
1.5339999999999852 0.7366000000000013
1.534999999999985 0.7365000000000015
1.535999999999985 0.7364000000000017
1.5369999999999848 0.7363000000000015
1.5379999999999847 0.7362000000000013
1.5389999999999846 0.7361000000000015
1.5399999999999845 0.7360000000000018
1.5409999999999844 0.7359000000000016
1.5419999999999843 0.7358000000000013
1.5429999999999842 0.7357000000000016
1.543999999999984 0.7356000000000018
1.544999999999984 0.7355000000000016
1.5459999999999838 0.7354000000000014
1.5469999999999837 0.7353000000000016
1.5479999999999836 0.7352000000000019
1.5489999999999835 0.7351000000000016
1.5499999999999834 0.7350000000000014
1.5509999999999833 0.7349000000000017
1.5519999999999832 0.7348000000000019
1.552999999999983 0.7347000000000017
1.553999999999983 0.7346000000000015
1.5549999999999828 0.7345000000000017
1.5559999999999827 0.7344000000000019
1.5569999999999826 0.7343000000000017
1.5579999999999825 0.7342000000000015
1.5589999999999824 0.7341000000000018
1.5599999999999823 0.734000000000002
1.5609999999999822 0.7339000000000018
1.561999999999982 0.7338000000000016
1.562999999999982 0.7337000000000018
1.5639999999999818 0.733600000000002
1.5649999999999817 0.7335000000000018
1.5659999999999816 0.7334000000000016
1.5669999999999815 0.7333000000000018
1.5679999999999814 0.7332000000000021
1.5689999999999813 0.7331000000000019
1.5699999999999812 0.7330000000000017
1.570999999999981 0.7329000000000019
1.571999999999981 0.7328000000000021
1.5729999999999809 0.7327000000000019
1.5739999999999807 0.7326000000000017
1.5749999999999806 0.7325000000000019
1.5759999999999805 0.7324000000000022
1.5769999999999804 0.732300000000002
1.5779999999999803 0.7322000000000017
1.5789999999999802 0.732100000000002
1.57999999999998 0.7320000000000022
1.58099999999998 0.731900000000002
1.5819999999999799 0.7318000000000018
1.5829999999999798 0.731700000000002
1.5839999999999796 0.7316000000000022
1.5849999999999795 0.731500000000002
1.5859999999999794 0.7314000000000018
1.5869999999999793 0.7313000000000021
1.5879999999999792 0.7312000000000023
1.588999999999979 0.7311000000000021
1.589999999999979 0.7310000000000019
1.5909999999999789 0.7309000000000021
1.5919999999999788 0.7308000000000023
1.5929999999999787 0.7307000000000021
1.5939999999999785 0.7306000000000019
1.5949999999999784 0.7305000000000021
1.5959999999999783 0.7304000000000024
1.5969999999999782 0.7303000000000022
1.597999999999978 0.730200000000002
1.598999999999978 0.7301000000000022
1.5999999999999779 0.7300000000000024
1.6009999999999778 0.7299000000000022
1.6019999999999777 0.729800000000002
1.6029999999999776 0.7297000000000022
1.6039999999999774 0.7296000000000025
1.6049999999999773 0.7295000000000023
1.6059999999999772 0.729400000000002
1.6069999999999771 0.7293000000000023
1.607999999999977 0.7292000000000025
1.608999999999977 0.7291000000000023
1.6099999999999768 0.7290000000000021
1.6109999999999767 0.7289000000000023
1.6119999999999766 0.7288000000000026
1.6129999999999765 0.7287000000000023
1.6139999999999763 0.7286000000000021
1.6149999999999762 0.7285000000000024
1.6159999999999761 0.7284000000000026
1.616999999999976 0.7283000000000024
1.617999999999976 0.7282000000000022
1.6189999999999758 0.7281000000000024
1.6199999999999757 0.7280000000000026
1.6209999999999756 0.7279000000000024
1.6219999999999755 0.7278000000000022
1.6229999999999754 0.7277000000000025
1.6239999999999752 0.7276000000000027
1.6249999999999751 0.7275000000000025
1.625999999999975 0.7274000000000023
1.626999999999975 0.7273000000000025
1.6279999999999748 0.7272000000000027
1.6289999999999747 0.7271000000000025
1.6299999999999746 0.7270000000000023
1.6309999999999745 0.7269000000000025
1.6319999999999744 0.7268000000000028
1.6329999999999742 0.7267000000000026
1.6339999999999741 0.7266000000000024
1.634999999999974 0.7265000000000026
1.635999999999974 0.7264000000000028
1.6369999999999738 0.7263000000000026
1.6379999999999737 0.7262000000000024
1.6389999999999736 0.7261000000000026
1.6399999999999735 0.7260000000000029
1.6409999999999734 0.7259000000000027
1.6419999999999733 0.7258000000000024
1.6429999999999731 0.7257000000000027
1.643999999999973 0.7256000000000029
1.644999999999973 0.7255000000000027
1.6459999999999728 0.7254000000000025
1.6469999999999727 0.7253000000000027
1.6479999999999726 0.725200000000003
1.6489999999999725 0.7251000000000027
1.6499999999999724 0.7250000000000025
1.6509999999999723 0.7249000000000028
1.6519999999999722 0.724800000000003
1.652999999999972 0.7247000000000028
1.653999999999972 0.7246000000000026
1.6549999999999718 0.7245000000000028
1.6559999999999717 0.724400000000003
1.6569999999999716 0.7243000000000028
1.6579999999999715 0.7242000000000026
1.6589999999999714 0.7241000000000029
1.6599999999999713 0.7240000000000031
1.6609999999999712 0.7239000000000029
1.661999999999971 0.7238000000000027
1.662999999999971 0.7237000000000029
1.6639999999999708 0.7236000000000031
1.6649999999999707 0.7235000000000029
1.6659999999999706 0.7234000000000027
1.6669999999999705 0.7233000000000029
1.6679999999999704 0.7232000000000032
1.6689999999999703 0.723100000000003
1.6699999999999702 0.7230000000000028
1.67099999999997 0.722900000000003
1.67199999999997 0.7228000000000032
1.6729999999999698 0.722700000000003
1.6739999999999697 0.7226000000000028
1.6749999999999696 0.722500000000003
1.6759999999999695 0.7224000000000033
1.6769999999999694 0.722300000000003
1.6779999999999693 0.7222000000000028
1.6789999999999692 0.7221000000000031
1.679999999999969 0.7220000000000033
1.680999999999969 0.7219000000000031
1.6819999999999689 0.7218000000000029
1.6829999999999687 0.7217000000000031
1.6839999999999686 0.7216000000000033
1.6849999999999685 0.7215000000000031
1.6859999999999684 0.7214000000000029
1.6869999999999683 0.7213000000000032
1.6879999999999682 0.7212000000000034
1.688999999999968 0.7211000000000032
1.689999999999968 0.721000000000003
1.6909999999999679 0.7209000000000032
1.6919999999999678 0.7208000000000034
1.6929999999999676 0.7207000000000032
1.6939999999999675 0.720600000000003
1.6949999999999674 0.7205000000000032
1.6959999999999673 0.7204000000000035
1.6969999999999672 0.7203000000000033
1.697999999999967 0.7202000000000031
1.698999999999967 0.7201000000000033
1.6999999999999669 0.7200000000000035
1.7009999999999668 0.7199000000000033
1.7019999999999667 0.7198000000000031
1.7029999999999665 0.7197000000000033
1.7039999999999664 0.7196000000000036
1.7049999999999663 0.7195000000000034
1.7059999999999662 0.7194000000000031
1.706999999999966 0.7193000000000034
1.707999999999966 0.7192000000000036
1.7089999999999659 0.7191000000000034
1.7099999999999658 0.7190000000000032
1.7109999999999657 0.7189000000000034
1.7119999999999655 0.7188000000000037
1.7129999999999654 0.7187000000000034
1.7139999999999653 0.7186000000000032
1.7149999999999652 0.7185000000000035
1.715999999999965 0.7184000000000037
1.716999999999965 0.7183000000000035
1.7179999999999649 0.7182000000000033
1.7189999999999648 0.7181000000000035
1.7199999999999647 0.7180000000000037
1.7209999999999646 0.7179000000000035
1.7219999999999644 0.7178000000000033
1.7229999999999643 0.7177000000000036
1.7239999999999642 0.7176000000000038
1.7249999999999641 0.7175000000000036
1.725999999999964 0.7174000000000034
1.726999999999964 0.7173000000000036
1.7279999999999638 0.7172000000000038
1.7289999999999637 0.7171000000000036
1.7299999999999636 0.7170000000000034
1.7309999999999635 0.7169000000000036
1.7319999999999633 0.7168000000000039
1.7329999999999632 0.7167000000000037
1.7339999999999631 0.7166000000000035
1.734999999999963 0.7165000000000037
1.735999999999963 0.7164000000000039
1.7369999999999628 0.7163000000000037
1.7379999999999627 0.7162000000000035
1.7389999999999626 0.7161000000000037
1.7399999999999625 0.716000000000004
1.7409999999999624 0.7159000000000038
1.7419999999999622 0.7158000000000035
1.7429999999999621 0.7157000000000038
1.743999999999962 0.715600000000004
1.744999999999962 0.7155000000000038
1.7459999999999618 0.7154000000000036
1.7469999999999617 0.7153000000000038
1.7479999999999616 0.715200000000004
1.7489999999999615 0.7151000000000038
1.7499999999999614 0.7150000000000036
1.7509999999999613 0.7149000000000039
1.7519999999999611 0.7148000000000041
1.752999999999961 0.7147000000000039
1.753999999999961 0.7146000000000037
1.7549999999999608 0.7145000000000039
1.7559999999999607 0.7144000000000041
1.7569999999999606 0.7143000000000039
1.7579999999999605 0.7142000000000037
1.7589999999999604 0.714100000000004
1.7599999999999603 0.7140000000000042
1.7609999999999602 0.713900000000004
1.76199999999996 0.7138000000000038
1.76299999999996 0.713700000000004
1.7639999999999598 0.7136000000000042
1.7649999999999597 0.713500000000004
1.7659999999999596 0.7134000000000038
1.7669999999999595 0.713300000000004
1.7679999999999594 0.7132000000000043
1.7689999999999593 0.7131000000000041
1.7699999999999592 0.7130000000000039
1.770999999999959 0.7129000000000041
1.771999999999959 0.7128000000000043
1.7729999999999588 0.7127000000000041
1.7739999999999587 0.7126000000000039
1.7749999999999586 0.7125000000000041
1.7759999999999585 0.7124000000000044
1.7769999999999584 0.7123000000000042
1.7779999999999583 0.7122000000000039
1.7789999999999582 0.7121000000000042
1.779999999999958 0.7120000000000044
1.780999999999958 0.7119000000000042
1.7819999999999578 0.711800000000004
1.7829999999999577 0.7117000000000042
1.7839999999999576 0.7116000000000045
1.7849999999999575 0.7115000000000042
1.7859999999999574 0.711400000000004
1.7869999999999573 0.7113000000000043
1.7879999999999572 0.7112000000000045
1.788999999999957 0.7111000000000043
1.789999999999957 0.7110000000000041
1.7909999999999568 0.7109000000000043
1.7919999999999567 0.7108000000000045
1.7929999999999566 0.7107000000000043
1.7939999999999565 0.7106000000000041
1.7949999999999564 0.7105000000000044
1.7959999999999563 0.7104000000000046
1.7969999999999562 0.7103000000000044
1.797999999999956 0.7102000000000042
1.798999999999956 0.7101000000000044
1.7999999999999559 0.7100000000000046
1.8009999999999557 0.7099000000000044
1.8019999999999556 0.7098000000000042
1.8029999999999555 0.7097000000000044
1.8039999999999554 0.7096000000000047
1.8049999999999553 0.7095000000000045
1.8059999999999552 0.7094000000000042
1.806999999999955 0.7093000000000045
1.807999999999955 0.7092000000000047
1.8089999999999549 0.7091000000000045
1.8099999999999548 0.7090000000000043
1.8109999999999546 0.7089000000000045
1.8119999999999545 0.7088000000000048
1.8129999999999544 0.7087000000000045
1.8139999999999543 0.7086000000000043
1.8149999999999542 0.7085000000000046
1.815999999999954 0.7084000000000048
1.816999999999954 0.7083000000000046
1.8179999999999539 0.7082000000000044
1.8189999999999538 0.7081000000000046
1.8199999999999537 0.7080000000000048
1.8209999999999535 0.7079000000000046
1.8219999999999534 0.7078000000000044
1.8229999999999533 0.7077000000000047
1.8239999999999532 0.7076000000000049
1.824999999999953 0.7075000000000047
1.825999999999953 0.7074000000000045
1.8269999999999529 0.7073000000000047
1.8279999999999528 0.7072000000000049
1.8289999999999527 0.7071000000000047
1.8299999999999526 0.7070000000000045
1.8309999999999524 0.7069000000000047
1.8319999999999523 0.706800000000005
1.8329999999999522 0.7067000000000048
1.8339999999999521 0.7066000000000046
1.834999999999952 0.7065000000000048
1.835999999999952 0.706400000000005
1.8369999999999518 0.7063000000000048
1.8379999999999517 0.7062000000000046
1.8389999999999516 0.7061000000000048
1.8399999999999515 0.7060000000000051
1.8409999999999513 0.7059000000000049
1.8419999999999512 0.7058000000000046
1.8429999999999511 0.7057000000000049
1.843999999999951 0.7056000000000051
1.844999999999951 0.7055000000000049
1.8459999999999508 0.7054000000000047
1.8469999999999507 0.7053000000000049
1.8479999999999506 0.7052000000000052
1.8489999999999505 0.705100000000005
1.8499999999999504 0.7050000000000047
1.8509999999999502 0.704900000000005
1.8519999999999501 0.7048000000000052
1.85299999999995 0.704700000000005
1.85399999999995 0.7046000000000048
1.8549999999999498 0.704500000000005
1.8559999999999497 0.7044000000000052
1.8569999999999496 0.704300000000005
1.8579999999999495 0.7042000000000048
1.8589999999999494 0.704100000000005
1.8599999999999492 0.7040000000000053
1.8609999999999491 0.7039000000000051
1.861999999999949 0.7038000000000049
1.862999999999949 0.7037000000000051
1.8639999999999488 0.7036000000000053
1.8649999999999487 0.7035000000000051
1.8659999999999486 0.7034000000000049
1.8669999999999485 0.7033000000000051
1.8679999999999484 0.7032000000000054
1.8689999999999483 0.7031000000000052
1.8699999999999481 0.703000000000005
1.870999999999948 0.7029000000000052
1.871999999999948 0.7028000000000054
1.8729999999999478 0.7027000000000052
1.8739999999999477 0.702600000000005
1.8749999999999476 0.7025000000000052
1.8759999999999475 0.7024000000000055
1.8769999999999474 0.7023000000000053
1.8779999999999473 0.702200000000005
1.8789999999999472 0.7021000000000053
1.879999999999947 0.7020000000000055
1.880999999999947 0.7019000000000053
1.8819999999999468 0.7018000000000051
1.8829999999999467 0.7017000000000053
1.8839999999999466 0.7016000000000056
1.8849999999999465 0.7015000000000053
1.8859999999999464 0.7014000000000051
1.8869999999999463 0.7013000000000054
1.8879999999999462 0.7012000000000056
1.888999999999946 0.7011000000000054
1.889999999999946 0.7010000000000052
1.8909999999999458 0.7009000000000054
1.8919999999999457 0.7008000000000056
1.8929999999999456 0.7007000000000054
1.8939999999999455 0.7006000000000052
1.8949999999999454 0.7005000000000055
1.8959999999999453 0.7004000000000057
1.8969999999999452 0.7003000000000055
1.897999999999945 0.7002000000000053
1.898999999999945 0.7001000000000055
1.8999999999999448 0.7000000000000057
1.9009999999999447 0.6999000000000055
1.9019999999999446 0.6998000000000053
1.9029999999999445 0.6997000000000055
1.9039999999999444 0.6996000000000058
1.9049999999999443 0.6995000000000056
1.9059999999999442 0.6994000000000054
1.906999999999944 0.6993000000000056
1.907999999999944 0.6992000000000058
1.9089999999999439 0.6991000000000056
1.9099999999999437 0.6990000000000054
1.9109999999999436 0.6989000000000056
1.9119999999999435 0.6988000000000059
1.9129999999999434 0.6987000000000056
1.9139999999999433 0.6986000000000054
1.9149999999999432 0.6985000000000057
1.915999999999943 0.6984000000000059
1.916999999999943 0.6983000000000057
1.9179999999999429 0.6982000000000055
1.9189999999999428 0.6981000000000057
1.9199999999999426 0.698000000000006
1.9209999999999425 0.6979000000000057
1.9219999999999424 0.6978000000000055
1.9229999999999423 0.6977000000000058
1.9239999999999422 0.697600000000006
1.924999999999942 0.6975000000000058
1.925999999999942 0.6974000000000056
1.9269999999999419 0.6973000000000058
1.9279999999999418 0.697200000000006
1.9289999999999417 0.6971000000000058
1.9299999999999415 0.6970000000000056
1.9309999999999414 0.6969000000000058
1.9319999999999413 0.6968000000000061
1.9329999999999412 0.6967000000000059
1.933999999999941 0.6966000000000057
1.934999999999941 0.6965000000000059
1.9359999999999409 0.6964000000000061
1.9369999999999408 0.6963000000000059
1.9379999999999407 0.6962000000000057
1.9389999999999405 0.6961000000000059
1.9399999999999404 0.6960000000000062
1.9409999999999403 0.695900000000006
1.9419999999999402 0.6958000000000057
1.94299999999994 0.695700000000006
1.94399999999994 0.6956000000000062
1.9449999999999399 0.695500000000006
1.9459999999999398 0.6954000000000058
1.9469999999999397 0.695300000000006
1.9479999999999396 0.6952000000000063
1.9489999999999394 0.695100000000006
1.9499999999999393 0.6950000000000058
1.9509999999999392 0.6949000000000061
1.9519999999999391 0.6948000000000063
1.952999999999939 0.6947000000000061
1.953999999999939 0.6946000000000059
1.9549999999999388 0.6945000000000061
1.9559999999999387 0.6944000000000063
1.9569999999999386 0.6943000000000061
1.9579999999999385 0.6942000000000059
1.9589999999999383 0.6941000000000062
1.9599999999999382 0.6940000000000064
1.9609999999999381 0.6939000000000062
1.961999999999938 0.693800000000006
1.962999999999938 0.6937000000000062
1.9639999999999378 0.6936000000000064
1.9649999999999377 0.6935000000000062
1.9659999999999376 0.693400000000006
1.9669999999999375 0.6933000000000062
1.9679999999999374 0.6932000000000065
1.9689999999999372 0.6931000000000063
1.9699999999999371 0.6930000000000061
1.970999999999937 0.6929000000000063
1.971999999999937 0.6928000000000065
1.9729999999999368 0.6927000000000063
1.9739999999999367 0.6926000000000061
1.9749999999999366 0.6925000000000063
1.9759999999999365 0.6924000000000066
1.9769999999999364 0.6923000000000064
1.9779999999999363 0.6922000000000061
1.9789999999999361 0.6921000000000064
1.979999999999936 0.6920000000000066
1.980999999999936 0.6919000000000064
1.9819999999999358 0.6918000000000062
1.9829999999999357 0.6917000000000064
1.9839999999999356 0.6916000000000067
1.9849999999999355 0.6915000000000064
1.9859999999999354 0.6914000000000062
1.9869999999999353 0.6913000000000065
1.9879999999999352 0.6912000000000067
1.988999999999935 0.6911000000000065
1.989999999999935 0.6910000000000063
1.9909999999999348 0.6909000000000065
1.9919999999999347 0.6908000000000067
1.9929999999999346 0.6907000000000065
1.9939999999999345 0.6906000000000063
1.9949999999999344 0.6905000000000066
1.9959999999999343 0.6904000000000068
1.9969999999999342 0.6903000000000066
1.997999999999934 0.6902000000000064
1.998999999999934 0.6901000000000066
1.9999999999999338 0.6900000000000068
2.0009999999999337 0.6899000000000066
2.0019999999999336 0.6898000000000064
2.0029999999999335 0.6897000000000066
2.0039999999999334 0.6896000000000069
2.0049999999999333 0.6895000000000067
2.005999999999933 0.6894000000000065
2.006999999999933 0.6893000000000067
2.007999999999933 0.6892000000000069
2.008999999999933 0.6891000000000067
2.0099999999999327 0.6890000000000065
2.0109999999999326 0.6889000000000067
2.0119999999999325 0.688800000000007
2.0129999999999324 0.6887000000000068
2.0139999999999323 0.6886000000000065
2.014999999999932 0.6885000000000068
2.015999999999932 0.688400000000007
2.016999999999932 0.6883000000000068
2.017999999999932 0.6882000000000066
2.0189999999999317 0.6881000000000068
2.0199999999999316 0.688000000000007
2.0209999999999315 0.6879000000000068
2.0219999999999314 0.6878000000000066
2.0229999999999313 0.6877000000000069
2.023999999999931 0.6876000000000071
2.024999999999931 0.6875000000000069
2.025999999999931 0.6874000000000067
2.026999999999931 0.6873000000000069
2.0279999999999307 0.6872000000000071
2.0289999999999306 0.6871000000000069
2.0299999999999305 0.6870000000000067
2.0309999999999304 0.686900000000007
2.0319999999999303 0.6868000000000072
2.03299999999993 0.686700000000007
2.03399999999993 0.6866000000000068
2.03499999999993 0.686500000000007
2.03599999999993 0.6864000000000072
2.0369999999999298 0.686300000000007
2.0379999999999296 0.6862000000000068
2.0389999999999295 0.686100000000007
2.0399999999999294 0.6860000000000073
2.0409999999999293 0.6859000000000071
2.041999999999929 0.6858000000000068
2.042999999999929 0.6857000000000071
2.043999999999929 0.6856000000000073
2.044999999999929 0.6855000000000071
2.0459999999999288 0.6854000000000069
2.0469999999999287 0.6853000000000071
2.0479999999999285 0.6852000000000074
2.0489999999999284 0.6851000000000071
2.0499999999999283 0.6850000000000069
2.050999999999928 0.6849000000000072
2.051999999999928 0.6848000000000074
2.052999999999928 0.6847000000000072
2.053999999999928 0.684600000000007
2.0549999999999278 0.6845000000000072
2.0559999999999277 0.6844000000000074
2.0569999999999276 0.6843000000000072
2.0579999999999274 0.684200000000007
2.0589999999999273 0.6841000000000073
2.0599999999999272 0.6840000000000075
2.060999999999927 0.6839000000000073
2.061999999999927 0.6838000000000071
2.062999999999927 0.6837000000000073
2.063999999999927 0.6836000000000075
2.0649999999999267 0.6835000000000073
2.0659999999999266 0.6834000000000071
2.0669999999999265 0.6833000000000073
2.0679999999999263 0.6832000000000076
2.0689999999999262 0.6831000000000074
2.069999999999926 0.6830000000000072
2.070999999999926 0.6829000000000074
2.071999999999926 0.6828000000000076
2.072999999999926 0.6827000000000074
2.0739999999999257 0.6826000000000072
2.0749999999999256 0.6825000000000074
2.0759999999999255 0.6824000000000077
2.0769999999999254 0.6823000000000075
2.0779999999999252 0.6822000000000072
2.078999999999925 0.6821000000000075
2.079999999999925 0.6820000000000077
2.080999999999925 0.6819000000000075
2.081999999999925 0.6818000000000073
2.0829999999999247 0.6817000000000075
2.0839999999999246 0.6816000000000078
2.0849999999999245 0.6815000000000075
2.0859999999999244 0.6814000000000073
2.0869999999999242 0.6813000000000076
2.087999999999924 0.6812000000000078
2.088999999999924 0.6811000000000076
2.089999999999924 0.6810000000000074
2.090999999999924 0.6809000000000076
2.0919999999999237 0.6808000000000078
2.0929999999999236 0.6807000000000076
2.0939999999999235 0.6806000000000074
2.0949999999999234 0.6805000000000077
2.0959999999999233 0.6804000000000079
2.096999999999923 0.6803000000000077
2.097999999999923 0.6802000000000075
2.098999999999923 0.6801000000000077
2.099999999999923 0.6800000000000079
2.1009999999999227 0.6799000000000077
2.1019999999999226 0.6798000000000075
2.1029999999999225 0.6797000000000077
2.1039999999999224 0.679600000000008
2.1049999999999223 0.6795000000000078
2.105999999999922 0.6794000000000076
2.106999999999922 0.6793000000000078
2.107999999999922 0.679200000000008
2.108999999999922 0.6791000000000078
2.1099999999999217 0.6790000000000076
2.1109999999999216 0.6789000000000078
2.1119999999999215 0.6788000000000081
2.1129999999999214 0.6787000000000079
2.1139999999999213 0.6786000000000076
2.114999999999921 0.6785000000000079
2.115999999999921 0.6784000000000081
2.116999999999921 0.6783000000000079
2.117999999999921 0.6782000000000077
2.1189999999999207 0.6781000000000079
2.1199999999999206 0.6780000000000082
2.1209999999999205 0.6779000000000079
2.1219999999999204 0.6778000000000077
2.1229999999999203 0.677700000000008
2.12399999999992 0.6776000000000082
2.12499999999992 0.677500000000008
2.12599999999992 0.6774000000000078
2.12699999999992 0.677300000000008
2.1279999999999197 0.6772000000000082
2.1289999999999196 0.677100000000008
2.1299999999999195 0.6770000000000078
2.1309999999999194 0.676900000000008
2.1319999999999193 0.6768000000000083
2.132999999999919 0.6767000000000081
2.133999999999919 0.6766000000000079
2.134999999999919 0.6765000000000081
2.135999999999919 0.6764000000000083
2.1369999999999187 0.6763000000000081
2.1379999999999186 0.6762000000000079
2.1389999999999185 0.6761000000000081
2.1399999999999184 0.6760000000000084
2.1409999999999183 0.6759000000000082
2.141999999999918 0.675800000000008
2.142999999999918 0.6757000000000082
2.143999999999918 0.6756000000000084
2.144999999999918 0.6755000000000082
2.1459999999999178 0.675400000000008
2.1469999999999176 0.6753000000000082
2.1479999999999175 0.6752000000000085
2.1489999999999174 0.6751000000000082
2.1499999999999173 0.675000000000008
2.150999999999917 0.6749000000000083
2.151999999999917 0.6748000000000085
2.152999999999917 0.6747000000000083
2.153999999999917 0.6746000000000081
2.1549999999999168 0.6745000000000083
2.1559999999999166 0.6744000000000085
2.1569999999999165 0.6743000000000083
2.1579999999999164 0.6742000000000081
2.1589999999999163 0.6741000000000084
2.159999999999916 0.6740000000000086
2.160999999999916 0.6739000000000084
2.161999999999916 0.6738000000000082
2.162999999999916 0.6737000000000084
2.1639999999999158 0.6736000000000086
2.1649999999999157 0.6735000000000084
2.1659999999999155 0.6734000000000082
2.1669999999999154 0.6733000000000084
2.1679999999999153 0.6732000000000087
2.168999999999915 0.6731000000000085
2.169999999999915 0.6730000000000083
2.170999999999915 0.6729000000000085
2.171999999999915 0.6728000000000087
2.1729999999999148 0.6727000000000085
2.1739999999999147 0.6726000000000083
2.1749999999999146 0.6725000000000085
2.1759999999999144 0.6724000000000088
2.1769999999999143 0.6723000000000086
2.1779999999999142 0.6722000000000083
2.178999999999914 0.6721000000000086
2.179999999999914 0.6720000000000088
2.180999999999914 0.6719000000000086
2.181999999999914 0.6718000000000084
2.1829999999999137 0.6717000000000086
2.1839999999999136 0.6716000000000089
2.1849999999999135 0.6715000000000086
2.1859999999999133 0.6714000000000084
2.1869999999999132 0.6713000000000087
2.187999999999913 0.6712000000000089
2.188999999999913 0.6711000000000087
2.189999999999913 0.6710000000000085
2.190999999999913 0.6709000000000087
2.1919999999999127 0.670800000000009
2.1929999999999126 0.6707000000000087
2.1939999999999125 0.6706000000000085
2.1949999999999124 0.6705000000000088
2.1959999999999122 0.670400000000009
2.196999999999912 0.6703000000000088
2.197999999999912 0.6702000000000086
2.198999999999912 0.6701000000000088
2.199999999999912 0.670000000000009
2.2009999999999117 0.6699000000000088
2.2019999999999116 0.6698000000000086
2.2029999999999115 0.6697000000000088
2.2039999999999114 0.6696000000000091
2.2049999999999113 0.6695000000000089
2.205999999999911 0.6694000000000087
2.206999999999911 0.6693000000000089
2.207999999999911 0.6692000000000091
2.208999999999911 0.6691000000000089
2.2099999999999107 0.6690000000000087
2.2109999999999106 0.6689000000000089
2.2119999999999105 0.6688000000000092
2.2129999999999104 0.668700000000009
2.2139999999999103 0.6686000000000087
2.21499999999991 0.668500000000009
2.21599999999991 0.6684000000000092
2.21699999999991 0.668300000000009
2.21799999999991 0.6682000000000088
2.2189999999999097 0.668100000000009
2.2199999999999096 0.6680000000000093
2.2209999999999095 0.667900000000009
2.2219999999999094 0.6678000000000088
2.2229999999999093 0.6677000000000091
2.223999999999909 0.6676000000000093
2.224999999999909 0.6675000000000091
2.225999999999909 0.6674000000000089
2.226999999999909 0.6673000000000091
2.2279999999999087 0.6672000000000093
2.2289999999999086 0.6671000000000091
2.2299999999999085 0.6670000000000089
2.2309999999999084 0.6669000000000092
2.2319999999999083 0.6668000000000094
2.232999999999908 0.6667000000000092
2.233999999999908 0.666600000000009
2.234999999999908 0.6665000000000092
2.235999999999908 0.6664000000000094
2.2369999999999077 0.6663000000000092
2.2379999999999076 0.666200000000009
2.2389999999999075 0.6661000000000092
2.2399999999999074 0.6660000000000095
2.2409999999999073 0.6659000000000093
2.241999999999907 0.665800000000009
2.242999999999907 0.6657000000000093
2.243999999999907 0.6656000000000095
2.244999999999907 0.6655000000000093
2.2459999999999067 0.6654000000000091
2.2469999999999066 0.6653000000000093
2.2479999999999065 0.6652000000000096
2.2489999999999064 0.6651000000000094
2.2499999999999063 0.6650000000000091
2.250999999999906 0.6649000000000094
2.251999999999906 0.6648000000000096
2.252999999999906 0.6647000000000094
2.253999999999906 0.6646000000000092
2.2549999999999057 0.6645000000000094
2.2559999999999056 0.6644000000000096
2.2569999999999055 0.6643000000000094
2.2579999999999054 0.6642000000000092
2.2589999999999053 0.6641000000000095
2.259999999999905 0.6640000000000097
2.260999999999905 0.6639000000000095
2.261999999999905 0.6638000000000093
2.262999999999905 0.6637000000000095
2.2639999999999048 0.6636000000000097
2.2649999999999046 0.6635000000000095
2.2659999999999045 0.6634000000000093
2.2669999999999044 0.6633000000000095
2.2679999999999043 0.6632000000000098
2.268999999999904 0.6631000000000096
2.269999999999904 0.6630000000000094
2.270999999999904 0.6629000000000096
2.271999999999904 0.6628000000000098
2.2729999999999038 0.6627000000000096
2.2739999999999037 0.6626000000000094
2.2749999999999035 0.6625000000000096
2.2759999999999034 0.6624000000000099
2.2769999999999033 0.6623000000000097
2.277999999999903 0.6622000000000094
2.278999999999903 0.6621000000000097
2.279999999999903 0.6620000000000099
2.280999999999903 0.6619000000000097
2.2819999999999028 0.6618000000000095
2.2829999999999027 0.6617000000000097
2.2839999999999026 0.66160000000001
2.2849999999999024 0.6615000000000097
2.2859999999999023 0.6614000000000095
2.2869999999999022 0.6613000000000098
2.287999999999902 0.66120000000001
2.288999999999902 0.6611000000000098
2.289999999999902 0.6610000000000096
2.290999999999902 0.6609000000000098
2.2919999999999017 0.66080000000001
2.2929999999999016 0.6607000000000098
2.2939999999999015 0.6606000000000096
2.2949999999999013 0.6605000000000099
2.2959999999999012 0.6604000000000101
2.296999999999901 0.6603000000000099
2.297999999999901 0.6602000000000097
2.298999999999901 0.6601000000000099
2.299999999999901 0.6600000000000101
2.3009999999999007 0.6599000000000099
2.3019999999999006 0.6598000000000097
2.3029999999999005 0.65970000000001
2.3039999999999003 0.6596000000000102
2.3049999999999002 0.65950000000001
2.3059999999999 0.6594000000000098
2.3069999999999 0.65930000000001
2.3079999999999 0.6592000000000102
2.3089999999999 0.65910000000001
2.3099999999998997 0.6590000000000098
2.3109999999998996 0.65890000000001
2.3119999999998995 0.6588000000000103
2.3129999999998994 0.65870000000001
2.3139999999998992 0.6586000000000098
2.314999999999899 0.6585000000000101
2.315999999999899 0.6584000000000103
2.316999999999899 0.6583000000000101
2.317999999999899 0.6582000000000099
2.3189999999998987 0.6581000000000101
2.3199999999998986 0.6580000000000104
2.3209999999998985 0.6579000000000101
2.3219999999998984 0.6578000000000099
2.3229999999998983 0.6577000000000102
2.323999999999898 0.6576000000000104
2.324999999999898 0.6575000000000102
2.325999999999898 0.65740000000001
2.326999999999898 0.6573000000000102
2.3279999999998977 0.6572000000000104
2.3289999999998976 0.6571000000000102
2.3299999999998975 0.65700000000001
2.3309999999998974 0.6569000000000103
2.3319999999998973 0.6568000000000105
2.332999999999897 0.6567000000000103
2.333999999999897 0.6566000000000101
2.334999999999897 0.6565000000000103
2.335999999999897 0.6564000000000105
2.3369999999998967 0.6563000000000103
2.3379999999998966 0.6562000000000101
2.3389999999998965 0.6561000000000103
2.3399999999998964 0.6560000000000106
2.3409999999998963 0.6559000000000104
2.341999999999896 0.6558000000000102
2.342999999999896 0.6557000000000104
2.343999999999896 0.6556000000000106
2.344999999999896 0.6555000000000104
2.3459999999998957 0.6554000000000102
2.3469999999998956 0.6553000000000104
2.3479999999998955 0.6552000000000107
2.3489999999998954 0.6551000000000105
2.3499999999998953 0.6550000000000102
2.350999999999895 0.6549000000000105
2.351999999999895 0.6548000000000107
2.352999999999895 0.6547000000000105
2.353999999999895 0.6546000000000103
2.3549999999998947 0.6545000000000105
2.3559999999998946 0.6544000000000108
2.3569999999998945 0.6543000000000105
2.3579999999998944 0.6542000000000103
2.3589999999998943 0.6541000000000106
2.359999999999894 0.6540000000000108
2.360999999999894 0.6539000000000106
2.361999999999894 0.6538000000000104
2.362999999999894 0.6537000000000106
2.3639999999998937 0.6536000000000108
2.3649999999998936 0.6535000000000106
2.3659999999998935 0.6534000000000104
2.3669999999998934 0.6533000000000106
2.3679999999998933 0.6532000000000109
2.368999999999893 0.6531000000000107
2.369999999999893 0.6530000000000105
2.370999999999893 0.6529000000000107
2.371999999999893 0.6528000000000109
2.3729999999998928 0.6527000000000107
2.3739999999998926 0.6526000000000105
2.3749999999998925 0.6525000000000107
2.3759999999998924 0.652400000000011
2.3769999999998923 0.6523000000000108
2.377999999999892 0.6522000000000105
2.378999999999892 0.6521000000000108
2.379999999999892 0.652000000000011
2.380999999999892 0.6519000000000108
2.3819999999998918 0.6518000000000106
2.3829999999998916 0.6517000000000108
2.3839999999998915 0.6516000000000111
2.3849999999998914 0.6515000000000108
2.3859999999998913 0.6514000000000106
2.386999999999891 0.6513000000000109
2.387999999999891 0.6512000000000111
2.388999999999891 0.6511000000000109
2.389999999999891 0.6510000000000107
2.3909999999998908 0.6509000000000109
2.3919999999998907 0.6508000000000111
2.3929999999998905 0.6507000000000109
2.3939999999998904 0.6506000000000107
2.3949999999998903 0.650500000000011
2.39599999999989 0.6504000000000112
2.39699999999989 0.650300000000011
2.39799999999989 0.6502000000000108
2.39899999999989 0.650100000000011
2.3999999999998898 0.6500000000000112
2.4009999999998897 0.649900000000011
2.4019999999998896 0.6498000000000108
2.4029999999998894 0.649700000000011
2.4039999999998893 0.6496000000000113
2.4049999999998892 0.6495000000000111
2.405999999999889 0.6494000000000109
2.406999999999889 0.6493000000000111
2.407999999999889 0.6492000000000113
2.408999999999889 0.6491000000000111
2.4099999999998887 0.6490000000000109
2.4109999999998886 0.6489000000000111
2.4119999999998885 0.6488000000000114
2.4129999999998883 0.6487000000000112
2.4139999999998882 0.648600000000011
2.414999999999888 0.6485000000000112
2.415999999999888 0.6484000000000114
2.416999999999888 0.6483000000000112
2.417999999999888 0.648200000000011
2.4189999999998877 0.6481000000000112
2.4199999999998876 0.6480000000000115
2.4209999999998875 0.6479000000000112
2.4219999999998874 0.647800000000011
2.4229999999998872 0.6477000000000113
2.423999999999887 0.6476000000000115
2.424999999999887 0.6475000000000113
2.425999999999887 0.6474000000000111
2.426999999999887 0.6473000000000113
2.4279999999998867 0.6472000000000115
2.4289999999998866 0.6471000000000113
2.4299999999998865 0.6470000000000111
2.4309999999998864 0.6469000000000114
2.4319999999998863 0.6468000000000116
2.432999999999886 0.6467000000000114
2.433999999999886 0.6466000000000112
2.434999999999886 0.6465000000000114
2.435999999999886 0.6464000000000116
2.4369999999998857 0.6463000000000114
2.4379999999998856 0.6462000000000112
2.4389999999998855 0.6461000000000114
2.4399999999998854 0.6460000000000117
2.4409999999998853 0.6459000000000115
2.441999999999885 0.6458000000000113
2.442999999999885 0.6457000000000115
2.443999999999885 0.6456000000000117
2.444999999999885 0.6455000000000115
2.4459999999998847 0.6454000000000113
2.4469999999998846 0.6453000000000115
2.4479999999998845 0.6452000000000118
2.4489999999998844 0.6451000000000116
2.4499999999998843 0.6450000000000113
2.450999999999884 0.6449000000000116
2.451999999999884 0.6448000000000118
2.452999999999884 0.6447000000000116
2.453999999999884 0.6446000000000114
2.4549999999998837 0.6445000000000116
2.4559999999998836 0.6444000000000119
2.4569999999998835 0.6443000000000116
2.4579999999998834 0.6442000000000114
2.4589999999998833 0.6441000000000117
2.459999999999883 0.6440000000000119
2.460999999999883 0.6439000000000117
2.461999999999883 0.6438000000000115
2.462999999999883 0.6437000000000117
2.4639999999998827 0.6436000000000119
2.4649999999998826 0.6435000000000117
2.4659999999998825 0.6434000000000115
2.4669999999998824 0.6433000000000118
2.4679999999998823 0.643200000000012
2.468999999999882 0.6431000000000118
2.469999999999882 0.6430000000000116
2.470999999999882 0.6429000000000118
2.471999999999882 0.642800000000012
2.4729999999998817 0.6427000000000118
2.4739999999998816 0.6426000000000116
2.4749999999998815 0.6425000000000118
2.4759999999998814 0.6424000000000121
2.4769999999998813 0.6423000000000119
2.477999999999881 0.6422000000000117
2.478999999999881 0.6421000000000119
2.479999999999881 0.6420000000000121
2.480999999999881 0.6419000000000119
2.4819999999998807 0.6418000000000117
2.4829999999998806 0.6417000000000119
2.4839999999998805 0.6416000000000122
2.4849999999998804 0.641500000000012
2.4859999999998803 0.6414000000000117
2.48699999999988 0.641300000000012
2.48799999999988 0.6412000000000122
2.48899999999988 0.641100000000012
2.48999999999988 0.6410000000000118
2.4909999999998798 0.640900000000012
2.4919999999998796 0.6408000000000122
2.4929999999998795 0.640700000000012
2.4939999999998794 0.6406000000000118
2.4949999999998793 0.6405000000000121
2.495999999999879 0.6404000000000123
2.496999999999879 0.6403000000000121
2.497999999999879 0.6402000000000119
2.498999999999879 0.6401000000000121
2.4999999999998788 0.6400000000000123
2.5009999999998787 0.6399000000000121
2.5019999999998785 0.6398000000000119
2.5029999999998784 0.6397000000000121
2.5039999999998783 0.6396000000000124
2.504999999999878 0.6395000000000122
2.505999999999878 0.639400000000012
2.506999999999878 0.6393000000000122
2.507999999999878 0.6392000000000124
2.5089999999998778 0.6391000000000122
2.5099999999998777 0.639000000000012
2.5109999999998776 0.6389000000000122
2.5119999999998774 0.6388000000000125
2.5129999999998773 0.6387000000000123
2.513999999999877 0.638600000000012
2.514999999999877 0.6385000000000123
2.515999999999877 0.6384000000000125
2.516999999999877 0.6383000000000123
2.517999999999877 0.6382000000000121
2.5189999999998767 0.6381000000000123
2.5199999999998766 0.6380000000000126
2.5209999999998765 0.6379000000000123
2.5219999999998763 0.6378000000000121
2.5229999999998762 0.6377000000000124
2.523999999999876 0.6376000000000126
2.524999999999876 0.6375000000000124
2.525999999999876 0.6374000000000122
2.526999999999876 0.6373000000000124
2.5279999999998757 0.6372000000000126
2.5289999999998756 0.6371000000000124
2.5299999999998755 0.6370000000000122
2.5309999999998753 0.6369000000000125
2.5319999999998752 0.6368000000000127
2.532999999999875 0.6367000000000125
2.533999999999875 0.6366000000000123
2.534999999999875 0.6365000000000125
2.535999999999875 0.6364000000000127
2.5369999999998747 0.6363000000000125
2.5379999999998746 0.6362000000000123
2.5389999999998745 0.6361000000000125
2.5399999999998744 0.6360000000000128
2.5409999999998742 0.6359000000000126
2.541999999999874 0.6358000000000124
2.542999999999874 0.6357000000000126
2.543999999999874 0.6356000000000128
2.544999999999874 0.6355000000000126
2.5459999999998737 0.6354000000000124
2.5469999999998736 0.6353000000000126
2.5479999999998735 0.6352000000000129
2.5489999999998734 0.6351000000000127
2.5499999999998733 0.6350000000000124
2.550999999999873 0.6349000000000127
2.551999999999873 0.6348000000000129
2.552999999999873 0.6347000000000127
2.553999999999873 0.6346000000000125
2.5549999999998727 0.6345000000000127
2.5559999999998726 0.634400000000013
2.5569999999998725 0.6343000000000127
2.5579999999998724 0.6342000000000125
2.5589999999998723 0.6341000000000128
2.559999999999872 0.634000000000013
2.560999999999872 0.6339000000000128
2.561999999999872 0.6338000000000126
2.562999999999872 0.6337000000000128
2.5639999999998717 0.633600000000013
2.5649999999998716 0.6335000000000128
2.5659999999998715 0.6334000000000126
2.5669999999998714 0.6333000000000129
2.5679999999998713 0.6332000000000131
2.568999999999871 0.6331000000000129
2.569999999999871 0.6330000000000127
2.570999999999871 0.6329000000000129
2.571999999999871 0.6328000000000131
2.5729999999998707 0.6327000000000129
2.5739999999998706 0.6326000000000127
2.5749999999998705 0.6325000000000129
2.5759999999998704 0.6324000000000132
2.5769999999998703 0.632300000000013
2.57799999999987 0.6322000000000128
2.57899999999987 0.632100000000013
2.57999999999987 0.6320000000000132
2.58099999999987 0.631900000000013
2.5819999999998697 0.6318000000000128
2.5829999999998696 0.631700000000013
2.5839999999998695 0.6316000000000133
2.5849999999998694 0.631500000000013
2.5859999999998693 0.6314000000000128
2.586999999999869 0.6313000000000131
2.587999999999869 0.6312000000000133
2.588999999999869 0.6311000000000131
2.589999999999869 0.6310000000000129
2.5909999999998687 0.6309000000000131
2.5919999999998686 0.6308000000000134
2.5929999999998685 0.6307000000000131
2.5939999999998684 0.6306000000000129
2.5949999999998683 0.6305000000000132
2.595999999999868 0.6304000000000134
2.596999999999868 0.6303000000000132
2.597999999999868 0.630200000000013
2.598999999999868 0.6301000000000132
2.5999999999998678 0.6300000000000134
2.6009999999998676 0.6299000000000132
2.6019999999998675 0.629800000000013
2.6029999999998674 0.6297000000000132
2.6039999999998673 0.6296000000000135
2.604999999999867 0.6295000000000133
2.605999999999867 0.6294000000000131
2.606999999999867 0.6293000000000133
2.607999999999867 0.6292000000000135
2.6089999999998668 0.6291000000000133
2.6099999999998666 0.6290000000000131
2.6109999999998665 0.6289000000000133
2.6119999999998664 0.6288000000000136
2.6129999999998663 0.6287000000000134
2.613999999999866 0.6286000000000131
2.614999999999866 0.6285000000000134
2.615999999999866 0.6284000000000136
2.616999999999866 0.6283000000000134
2.6179999999998658 0.6282000000000132
2.6189999999998657 0.6281000000000134
2.6199999999998655 0.6280000000000137
2.6209999999998654 0.6279000000000134
2.6219999999998653 0.6278000000000132
2.622999999999865 0.6277000000000135
2.623999999999865 0.6276000000000137
2.624999999999865 0.6275000000000135
2.625999999999865 0.6274000000000133
2.6269999999998648 0.6273000000000135
2.6279999999998647 0.6272000000000137
2.6289999999998646 0.6271000000000135
2.6299999999998644 0.6270000000000133
2.6309999999998643 0.6269000000000136
2.6319999999998642 0.6268000000000138
2.632999999999864 0.6267000000000136
2.633999999999864 0.6266000000000134
2.634999999999864 0.6265000000000136
2.635999999999864 0.6264000000000138
2.6369999999998637 0.6263000000000136
2.6379999999998636 0.6262000000000134
2.6389999999998635 0.6261000000000136
2.6399999999998633 0.6260000000000139
2.6409999999998632 0.6259000000000137
2.641999999999863 0.6258000000000135
2.642999999999863 0.6257000000000137
2.643999999999863 0.6256000000000139
2.644999999999863 0.6255000000000137
2.6459999999998627 0.6254000000000135
2.6469999999998626 0.6253000000000137
2.6479999999998625 0.625200000000014
2.6489999999998624 0.6251000000000138
2.6499999999998622 0.6250000000000135
2.650999999999862 0.6249000000000138
2.651999999999862 0.624800000000014
2.652999999999862 0.6247000000000138
2.653999999999862 0.6246000000000136
2.6549999999998617 0.6245000000000138
2.6559999999998616 0.624400000000014
2.6569999999998615 0.6243000000000138
2.6579999999998614 0.6242000000000136
2.6589999999998613 0.6241000000000139
2.659999999999861 0.6240000000000141
2.660999999999861 0.6239000000000139
2.661999999999861 0.6238000000000137
2.662999999999861 0.6237000000000139
2.6639999999998607 0.6236000000000141
2.6649999999998606 0.6235000000000139
2.6659999999998605 0.6234000000000137
2.6669999999998604 0.623300000000014
2.6679999999998603 0.6232000000000142
2.66899999999986 0.623100000000014
2.66999999999986 0.6230000000000138
2.67099999999986 0.622900000000014
2.67199999999986 0.6228000000000142
2.6729999999998597 0.622700000000014
2.6739999999998596 0.6226000000000138
2.6749999999998595 0.622500000000014
2.6759999999998594 0.6224000000000143
2.6769999999998593 0.6223000000000141
2.677999999999859 0.6222000000000139
2.678999999999859 0.6221000000000141
2.679999999999859 0.6220000000000143
2.680999999999859 0.6219000000000141
2.6819999999998587 0.6218000000000139
2.6829999999998586 0.6217000000000141
2.6839999999998585 0.6216000000000144
2.6849999999998584 0.6215000000000142
2.6859999999998583 0.6214000000000139
2.686999999999858 0.6213000000000142
2.687999999999858 0.6212000000000144
2.688999999999858 0.6211000000000142
2.689999999999858 0.621000000000014
2.6909999999998577 0.6209000000000142
2.6919999999998576 0.6208000000000145
2.6929999999998575 0.6207000000000142
2.6939999999998574 0.620600000000014
2.6949999999998573 0.6205000000000143
2.695999999999857 0.6204000000000145
2.696999999999857 0.6203000000000143
2.697999999999857 0.6202000000000141
2.698999999999857 0.6201000000000143
2.6999999999998567 0.6200000000000145
2.7009999999998566 0.6199000000000143
2.7019999999998565 0.6198000000000141
2.7029999999998564 0.6197000000000144
2.7039999999998563 0.6196000000000146
2.704999999999856 0.6195000000000144
2.705999999999856 0.6194000000000142
2.706999999999856 0.6193000000000144
2.707999999999856 0.6192000000000146
2.7089999999998557 0.6191000000000144
2.7099999999998556 0.6190000000000142
2.7109999999998555 0.6189000000000144
2.7119999999998554 0.6188000000000147
2.7129999999998553 0.6187000000000145
2.713999999999855 0.6186000000000142
2.714999999999855 0.6185000000000145
2.715999999999855 0.6184000000000147
2.716999999999855 0.6183000000000145
2.7179999999998548 0.6182000000000143
2.7189999999998546 0.6181000000000145
2.7199999999998545 0.6180000000000148
2.7209999999998544 0.6179000000000145
2.7219999999998543 0.6178000000000143
2.722999999999854 0.6177000000000146
2.723999999999854 0.6176000000000148
2.724999999999854 0.6175000000000146
2.725999999999854 0.6174000000000144
2.7269999999998538 0.6173000000000146
2.7279999999998537 0.6172000000000148
2.7289999999998535 0.6171000000000146
2.7299999999998534 0.6170000000000144
2.7309999999998533 0.6169000000000147
2.731999999999853 0.6168000000000149
2.732999999999853 0.6167000000000147
2.733999999999853 0.6166000000000145
2.734999999999853 0.6165000000000147
2.7359999999998528 0.6164000000000149
2.7369999999998527 0.6163000000000147
2.7379999999998526 0.6162000000000145
2.7389999999998524 0.6161000000000147
2.7399999999998523 0.616000000000015
2.740999999999852 0.6159000000000148
2.741999999999852 0.6158000000000146
2.742999999999852 0.6157000000000148
2.743999999999852 0.615600000000015
2.744999999999852 0.6155000000000148
2.7459999999998517 0.6154000000000146
2.7469999999998516 0.6153000000000148
2.7479999999998515 0.6152000000000151
2.7489999999998513 0.6151000000000149
2.7499999999998512 0.6150000000000146
2.750999999999851 0.6149000000000149
2.751999999999851 0.6148000000000151
2.752999999999851 0.6147000000000149
2.753999999999851 0.6146000000000147
2.7549999999998507 0.6145000000000149
2.7559999999998506 0.6144000000000152
2.7569999999998505 0.614300000000015
2.7579999999998503 0.6142000000000147
2.7589999999998502 0.614100000000015
2.75999999999985 0.6140000000000152
2.76099999999985 0.613900000000015
2.76199999999985 0.6138000000000148
2.76299999999985 0.613700000000015
2.7639999999998497 0.6136000000000152
2.7649999999998496 0.613500000000015
2.7659999999998495 0.6134000000000148
2.7669999999998494 0.613300000000015
2.7679999999998492 0.6132000000000153
2.768999999999849 0.6131000000000151
2.769999999999849 0.6130000000000149
2.770999999999849 0.6129000000000151
2.771999999999849 0.6128000000000153
2.7729999999998487 0.6127000000000151
2.7739999999998486 0.6126000000000149
2.7749999999998485 0.6125000000000151
2.7759999999998484 0.6124000000000154
2.7769999999998483 0.6123000000000152
2.777999999999848 0.612200000000015
2.778999999999848 0.6121000000000152
2.779999999999848 0.6120000000000154
2.780999999999848 0.6119000000000152
2.7819999999998477 0.611800000000015
2.7829999999998476 0.6117000000000152
2.7839999999998475 0.6116000000000155
2.7849999999998474 0.6115000000000153
2.7859999999998473 0.611400000000015
2.786999999999847 0.6113000000000153
2.787999999999847 0.6112000000000155
2.788999999999847 0.6111000000000153
2.789999999999847 0.6110000000000151
2.7909999999998467 0.6109000000000153
2.7919999999998466 0.6108000000000156
2.7929999999998465 0.6107000000000153
2.7939999999998464 0.6106000000000151
2.7949999999998463 0.6105000000000154
2.795999999999846 0.6104000000000156
2.796999999999846 0.6103000000000154
2.797999999999846 0.6102000000000152
2.798999999999846 0.6101000000000154
2.7999999999998457 0.6100000000000156
2.8009999999998456 0.6099000000000154
2.8019999999998455 0.6098000000000152
2.8029999999998454 0.6097000000000155
2.8039999999998453 0.6096000000000157
2.804999999999845 0.6095000000000155
2.805999999999845 0.6094000000000153
2.806999999999845 0.6093000000000155
2.807999999999845 0.6092000000000157
2.8089999999998447 0.6091000000000155
2.8099999999998446 0.6090000000000153
2.8109999999998445 0.6089000000000155
2.8119999999998444 0.6088000000000158
2.8129999999998443 0.6087000000000156
2.813999999999844 0.6086000000000154
2.814999999999844 0.6085000000000156
2.815999999999844 0.6084000000000158
2.816999999999844 0.6083000000000156
2.8179999999998437 0.6082000000000154
2.8189999999998436 0.6081000000000156
2.8199999999998435 0.6080000000000159
2.8209999999998434 0.6079000000000157
2.8219999999998433 0.6078000000000154
2.822999999999843 0.6077000000000157
2.823999999999843 0.6076000000000159
2.824999999999843 0.6075000000000157
2.825999999999843 0.6074000000000155
2.8269999999998427 0.6073000000000157
2.8279999999998426 0.607200000000016
2.8289999999998425 0.6071000000000157
2.8299999999998424 0.6070000000000155
2.8309999999998423 0.6069000000000158
2.831999999999842 0.606800000000016
2.832999999999842 0.6067000000000158
2.833999999999842 0.6066000000000156
2.834999999999842 0.6065000000000158
2.8359999999998418 0.606400000000016
2.8369999999998416 0.6063000000000158
2.8379999999998415 0.6062000000000156
2.8389999999998414 0.6061000000000158
2.8399999999998413 0.6060000000000161
2.840999999999841 0.6059000000000159
2.841999999999841 0.6058000000000157
2.842999999999841 0.6057000000000159
2.843999999999841 0.6056000000000161
2.8449999999998408 0.6055000000000159
2.8459999999998407 0.6054000000000157
2.8469999999998405 0.6053000000000159
2.8479999999998404 0.6052000000000162
2.8489999999998403 0.605100000000016
2.84999999999984 0.6050000000000157
2.85099999999984 0.604900000000016
2.85199999999984 0.6048000000000162
2.85299999999984 0.604700000000016
2.8539999999998398 0.6046000000000158
2.8549999999998397 0.604500000000016
2.8559999999998396 0.6044000000000163
2.8569999999998394 0.604300000000016
2.8579999999998393 0.6042000000000158
2.8589999999998392 0.6041000000000161
2.859999999999839 0.6040000000000163
2.860999999999839 0.6039000000000161
2.861999999999839 0.6038000000000159
2.862999999999839 0.6037000000000161
2.8639999999998387 0.6036000000000163
2.8649999999998386 0.6035000000000161
2.8659999999998385 0.6034000000000159
2.8669999999998383 0.6033000000000162
2.8679999999998382 0.6032000000000164
2.868999999999838 0.6031000000000162
2.869999999999838 0.603000000000016
2.870999999999838 0.6029000000000162
2.871999999999838 0.6028000000000164
2.8729999999998377 0.6027000000000162
2.8739999999998376 0.602600000000016
2.8749999999998375 0.6025000000000162
2.8759999999998374 0.6024000000000165
2.8769999999998372 0.6023000000000163
2.877999999999837 0.6022000000000161
2.878999999999837 0.6021000000000163
2.879999999999837 0.6020000000000165
2.880999999999837 0.6019000000000163
2.8819999999998367 0.6018000000000161
2.8829999999998366 0.6017000000000163
2.8839999999998365 0.6016000000000166
2.8849999999998364 0.6015000000000164
2.8859999999998363 0.6014000000000161
2.886999999999836 0.6013000000000164
2.887999999999836 0.6012000000000166
2.888999999999836 0.6011000000000164
2.889999999999836 0.6010000000000162
2.8909999999998357 0.6009000000000164
2.8919999999998356 0.6008000000000167
2.8929999999998355 0.6007000000000164
2.8939999999998354 0.6006000000000162
2.8949999999998353 0.6005000000000165
2.895999999999835 0.6004000000000167
2.896999999999835 0.6003000000000165
2.897999999999835 0.6002000000000163
2.898999999999835 0.6001000000000165
2.8999999999998347 0.6000000000000167
2.9009999999998346 0.5999000000000165
2.9019999999998345 0.5998000000000163
2.9029999999998344 0.5997000000000166
2.9039999999998343 0.5996000000000168
2.904999999999834 0.5995000000000166
2.905999999999834 0.5994000000000164
2.906999999999834 0.5993000000000166
2.907999999999834 0.5992000000000168
2.9089999999998337 0.5991000000000166
2.9099999999998336 0.5990000000000164
2.9109999999998335 0.5989000000000166
2.9119999999998334 0.5988000000000169
2.9129999999998333 0.5987000000000167
2.913999999999833 0.5986000000000165
2.914999999999833 0.5985000000000167
2.915999999999833 0.5984000000000169
2.916999999999833 0.5983000000000167
2.9179999999998327 0.5982000000000165
2.9189999999998326 0.5981000000000167
2.9199999999998325 0.598000000000017
2.9209999999998324 0.5979000000000168
2.9219999999998323 0.5978000000000165
2.922999999999832 0.5977000000000168
2.923999999999832 0.597600000000017
2.924999999999832 0.5975000000000168
2.925999999999832 0.5974000000000166
2.9269999999998317 0.5973000000000168
2.9279999999998316 0.597200000000017
2.9289999999998315 0.5971000000000168
2.9299999999998314 0.5970000000000166
2.9309999999998313 0.5969000000000169
2.931999999999831 0.5968000000000171
2.932999999999831 0.5967000000000169
2.933999999999831 0.5966000000000167
2.934999999999831 0.5965000000000169
2.9359999999998307 0.5964000000000171
2.9369999999998306 0.5963000000000169
2.9379999999998305 0.5962000000000167
2.9389999999998304 0.596100000000017
2.9399999999998303 0.5960000000000172
2.94099999999983 0.595900000000017
2.94199999999983 0.5958000000000168
2.94299999999983 0.595700000000017
2.94399999999983 0.5956000000000172
2.9449999999998298 0.595500000000017
2.9459999999998296 0.5954000000000168
2.9469999999998295 0.595300000000017
2.9479999999998294 0.5952000000000173
2.9489999999998293 0.5951000000000171
2.949999999999829 0.5950000000000168
2.950999999999829 0.5949000000000171
2.951999999999829 0.5948000000000173
2.952999999999829 0.5947000000000171
2.9539999999998288 0.5946000000000169
2.9549999999998287 0.5945000000000171
2.9559999999998285 0.5944000000000174
2.9569999999998284 0.5943000000000171
2.9579999999998283 0.5942000000000169
2.958999999999828 0.5941000000000172
2.959999999999828 0.5940000000000174
2.960999999999828 0.5939000000000172
2.961999999999828 0.593800000000017
2.9629999999998278 0.5937000000000172
2.9639999999998277 0.5936000000000174
2.9649999999998276 0.5935000000000172
2.9659999999998274 0.593400000000017
2.9669999999998273 0.5933000000000173
2.967999999999827 0.5932000000000175
2.968999999999827 0.5931000000000173
2.969999999999827 0.5930000000000171
2.970999999999827 0.5929000000000173
2.971999999999827 0.5928000000000175
2.9729999999998267 0.5927000000000173
2.9739999999998266 0.5926000000000171
2.9749999999998264 0.5925000000000173
2.9759999999998263 0.5924000000000176
2.9769999999998262 0.5923000000000174
2.977999999999826 0.5922000000000172
2.978999999999826 0.5921000000000174
2.979999999999826 0.5920000000000176
2.980999999999826 0.5919000000000174
2.9819999999998257 0.5918000000000172
2.9829999999998256 0.5917000000000174
2.9839999999998255 0.5916000000000177
2.9849999999998253 0.5915000000000175
2.9859999999998252 0.5914000000000172
2.986999999999825 0.5913000000000175
2.987999999999825 0.5912000000000177
2.988999999999825 0.5911000000000175
2.989999999999825 0.5910000000000173
2.9909999999998247 0.5909000000000175
2.9919999999998246 0.5908000000000178
2.9929999999998245 0.5907000000000175
2.9939999999998244 0.5906000000000173
2.9949999999998242 0.5905000000000176
2.995999999999824 0.5904000000000178
2.996999999999824 0.5903000000000176
2.997999999999824 0.5902000000000174
2.998999999999824 0.5901000000000176
2.9999999999998237 0.5900000000000178
3.0009999999998236 0.5899000000000176
3.0019999999998235 0.5898000000000174
3.0029999999998234 0.5897000000000177
3.0039999999998233 0.5896000000000179
3.004999999999823 0.5895000000000177
3.005999999999823 0.5894000000000175
3.006999999999823 0.5893000000000177
3.007999999999823 0.5892000000000179
3.0089999999998227 0.5891000000000177
3.0099999999998226 0.5890000000000175
3.0109999999998225 0.5889000000000177
3.0119999999998224 0.588800000000018
3.0129999999998223 0.5887000000000178
3.013999999999822 0.5886000000000176
3.014999999999822 0.5885000000000178
3.015999999999822 0.588400000000018
3.016999999999822 0.5883000000000178
3.0179999999998217 0.5882000000000176
3.0189999999998216 0.5881000000000178
3.0199999999998215 0.5880000000000181
3.0209999999998214 0.5879000000000179
3.0219999999998213 0.5878000000000176
3.022999999999821 0.5877000000000179
3.023999999999821 0.5876000000000181
3.024999999999821 0.5875000000000179
3.025999999999821 0.5874000000000177
3.0269999999998207 0.5873000000000179
3.0279999999998206 0.5872000000000182
3.0289999999998205 0.5871000000000179
3.0299999999998204 0.5870000000000177
3.0309999999998203 0.586900000000018
3.03199999999982 0.5868000000000182
3.03299999999982 0.586700000000018
3.03399999999982 0.5866000000000178
3.03499999999982 0.586500000000018
3.0359999999998197 0.5864000000000182
3.0369999999998196 0.586300000000018
3.0379999999998195 0.5862000000000178
3.0389999999998194 0.586100000000018
3.0399999999998193 0.5860000000000183
3.040999999999819 0.5859000000000181
3.041999999999819 0.5858000000000179
3.042999999999819 0.5857000000000181
3.043999999999819 0.5856000000000183
3.0449999999998187 0.5855000000000181
3.0459999999998186 0.5854000000000179
3.0469999999998185 0.5853000000000181
3.0479999999998184 0.5852000000000184
3.0489999999998183 0.5851000000000182
3.049999999999818 0.585000000000018
3.050999999999818 0.5849000000000182
3.051999999999818 0.5848000000000184
3.052999999999818 0.5847000000000182
3.0539999999998177 0.584600000000018
3.0549999999998176 0.5845000000000182
3.0559999999998175 0.5844000000000185
3.0569999999998174 0.5843000000000182
3.0579999999998173 0.584200000000018
3.058999999999817 0.5841000000000183
3.059999999999817 0.5840000000000185
3.060999999999817 0.5839000000000183
3.061999999999817 0.5838000000000181
3.0629999999998168 0.5837000000000183
3.0639999999998166 0.5836000000000185
3.0649999999998165 0.5835000000000183
3.0659999999998164 0.5834000000000181
3.0669999999998163 0.5833000000000184
3.067999999999816 0.5832000000000186
3.068999999999816 0.5831000000000184
3.069999999999816 0.5830000000000182
3.070999999999816 0.5829000000000184
3.0719999999998158 0.5828000000000186
3.0729999999998157 0.5827000000000184
3.0739999999998155 0.5826000000000182
3.0749999999998154 0.5825000000000184
3.0759999999998153 0.5824000000000187
3.076999999999815 0.5823000000000185
3.077999999999815 0.5822000000000183
3.078999999999815 0.5821000000000185
3.079999999999815 0.5820000000000187
3.0809999999998148 0.5819000000000185
3.0819999999998147 0.5818000000000183
3.0829999999998146 0.5817000000000185
3.0839999999998144 0.5816000000000188
3.0849999999998143 0.5815000000000186
3.0859999999998142 0.5814000000000183
3.086999999999814 0.5813000000000186
3.087999999999814 0.5812000000000188
3.088999999999814 0.5811000000000186
3.089999999999814 0.5810000000000184
3.0909999999998137 0.5809000000000186
3.0919999999998136 0.5808000000000189
3.0929999999998135 0.5807000000000186
3.0939999999998133 0.5806000000000184
3.0949999999998132 0.5805000000000187
3.095999999999813 0.5804000000000189
3.096999999999813 0.5803000000000187
3.097999999999813 0.5802000000000185
3.098999999999813 0.5801000000000187
3.0999999999998127 0.580000000000019
3.1009999999998126 0.5799000000000187
3.1019999999998125 0.5798000000000185
3.1029999999998124 0.5797000000000188
3.1039999999998122 0.579600000000019
3.104999999999812 0.5795000000000188
3.105999999999812 0.5794000000000186
3.106999999999812 0.5793000000000188
3.107999999999812 0.579200000000019
3.1089999999998117 0.5791000000000188
3.1099999999998116 0.5790000000000186
3.1109999999998115 0.5789000000000188
3.1119999999998114 0.5788000000000191
3.1129999999998113 0.5787000000000189
3.113999999999811 0.5786000000000187
3.114999999999811 0.5785000000000189
3.115999999999811 0.5784000000000191
3.116999999999811 0.5783000000000189
3.1179999999998107 0.5782000000000187
3.1189999999998106 0.5781000000000189
3.1199999999998105 0.5780000000000192
3.1209999999998104 0.577900000000019
3.1219999999998103 0.5778000000000187
3.12299999999981 0.577700000000019
3.12399999999981 0.5776000000000192
3.12499999999981 0.577500000000019
3.12599999999981 0.5774000000000188
3.1269999999998097 0.577300000000019
3.1279999999998096 0.5772000000000193
3.1289999999998095 0.577100000000019
3.1299999999998094 0.5770000000000188
3.1309999999998093 0.5769000000000191
3.131999999999809 0.5768000000000193
3.132999999999809 0.5767000000000191
3.133999999999809 0.5766000000000189
3.134999999999809 0.5765000000000191
3.1359999999998087 0.5764000000000193
3.1369999999998086 0.5763000000000191
3.1379999999998085 0.5762000000000189
3.1389999999998084 0.5761000000000192
3.1399999999998083 0.5760000000000194
3.140999999999808 0.5759000000000192
3.141999999999808 0.575800000000019
3.142999999999808 0.5757000000000192
3.143999999999808 0.5756000000000194
3.1449999999998077 0.5755000000000192
3.1459999999998076 0.575400000000019
3.1469999999998075 0.5753000000000192
3.1479999999998074 0.5752000000000195
3.1489999999998073 0.5751000000000193
3.149999999999807 0.575000000000019
3.150999999999807 0.5749000000000193
3.151999999999807 0.5748000000000195
3.152999999999807 0.5747000000000193
3.1539999999998067 0.5746000000000191
3.1549999999998066 0.5745000000000193
3.1559999999998065 0.5744000000000196
3.1569999999998064 0.5743000000000194
3.1579999999998063 0.5742000000000191
3.158999999999806 0.5741000000000194
3.159999999999806 0.5740000000000196
3.160999999999806 0.5739000000000194
3.161999999999806 0.5738000000000192
3.1629999999998057 0.5737000000000194
3.1639999999998056 0.5736000000000196
3.1649999999998055 0.5735000000000194
3.1659999999998054 0.5734000000000192
3.1669999999998053 0.5733000000000195
3.167999999999805 0.5732000000000197
3.168999999999805 0.5731000000000195
3.169999999999805 0.5730000000000193
3.170999999999805 0.5729000000000195
3.1719999999998048 0.5728000000000197
3.1729999999998046 0.5727000000000195
3.1739999999998045 0.5726000000000193
3.1749999999998044 0.5725000000000195
3.1759999999998043 0.5724000000000198
3.176999999999804 0.5723000000000196
3.177999999999804 0.5722000000000194
3.178999999999804 0.5721000000000196
3.179999999999804 0.5720000000000198
3.1809999999998038 0.5719000000000196
3.1819999999998037 0.5718000000000194
3.1829999999998035 0.5717000000000196
3.1839999999998034 0.5716000000000199
3.1849999999998033 0.5715000000000197
3.185999999999803 0.5714000000000194
3.186999999999803 0.5713000000000197
3.187999999999803 0.5712000000000199
3.188999999999803 0.5711000000000197
3.1899999999998028 0.5710000000000195
3.1909999999998027 0.5709000000000197
3.1919999999998026 0.57080000000002
3.1929999999998024 0.5707000000000197
3.1939999999998023 0.5706000000000195
3.194999999999802 0.5705000000000198
3.195999999999802 0.57040000000002
3.196999999999802 0.5703000000000198
3.197999999999802 0.5702000000000196
3.198999999999802 0.5701000000000198
3.1999999999998017 0.57000000000002
3.2009999999998016 0.5699000000000198
3.2019999999998014 0.5698000000000196
3.2029999999998013 0.5697000000000199
3.2039999999998012 0.5696000000000201
3.204999999999801 0.5695000000000199
3.205999999999801 0.5694000000000197
3.206999999999801 0.5693000000000199
3.207999999999801 0.5692000000000201
3.2089999999998007 0.5691000000000199
3.2099999999998006 0.5690000000000197
3.2109999999998005 0.56890000000002
3.2119999999998003 0.5688000000000202
3.2129999999998002 0.56870000000002
3.2139999999998 0.5686000000000198
3.2149999999998 0.56850000000002
3.2159999999998 0.5684000000000202
3.2169999999998 0.56830000000002
3.2179999999997997 0.5682000000000198
3.2189999999997996 0.56810000000002
3.2199999999997995 0.5680000000000203
3.2209999999997994 0.56790000000002
3.2219999999997992 0.5678000000000198
3.222999999999799 0.5677000000000201
3.223999999999799 0.5676000000000203
3.224999999999799 0.5675000000000201
3.225999999999799 0.5674000000000199
3.2269999999997987 0.5673000000000201
3.2279999999997986 0.5672000000000204
3.2289999999997985 0.5671000000000201
3.2299999999997984 0.5670000000000199
3.2309999999997983 0.5669000000000202
3.231999999999798 0.5668000000000204
3.232999999999798 0.5667000000000202
3.233999999999798 0.56660000000002
3.234999999999798 0.5665000000000202
3.2359999999997977 0.5664000000000204
3.2369999999997976 0.5663000000000202
3.2379999999997975 0.56620000000002
3.2389999999997974 0.5661000000000203
3.2399999999997973 0.5660000000000205
3.240999999999797 0.5659000000000203
3.241999999999797 0.5658000000000201
3.242999999999797 0.5657000000000203
3.243999999999797 0.5656000000000205
3.2449999999997967 0.5655000000000203
3.2459999999997966 0.5654000000000201
3.2469999999997965 0.5653000000000203
3.2479999999997964 0.5652000000000206
3.2489999999997963 0.5651000000000204
3.249999999999796 0.5650000000000202
3.250999999999796 0.5649000000000204
3.251999999999796 0.5648000000000206
3.252999999999796 0.5647000000000204
3.2539999999997957 0.5646000000000202
3.2549999999997956 0.5645000000000204
3.2559999999997955 0.5644000000000207
3.2569999999997954 0.5643000000000205
3.2579999999997953 0.5642000000000202
3.258999999999795 0.5641000000000205
3.259999999999795 0.5640000000000207
3.260999999999795 0.5639000000000205
3.261999999999795 0.5638000000000203
3.2629999999997947 0.5637000000000205
3.2639999999997946 0.5636000000000208
3.2649999999997945 0.5635000000000205
3.2659999999997944 0.5634000000000203
3.2669999999997943 0.5633000000000206
3.267999999999794 0.5632000000000208
3.268999999999794 0.5631000000000206
3.269999999999794 0.5630000000000204
3.270999999999794 0.5629000000000206
3.2719999999997937 0.5628000000000208
3.2729999999997936 0.5627000000000206
3.2739999999997935 0.5626000000000204
3.2749999999997934 0.5625000000000207
3.2759999999997933 0.5624000000000209
3.276999999999793 0.5623000000000207
3.277999999999793 0.5622000000000205
3.278999999999793 0.5621000000000207
3.279999999999793 0.5620000000000209
3.2809999999997927 0.5619000000000207
3.2819999999997926 0.5618000000000205
3.2829999999997925 0.5617000000000207
3.2839999999997924 0.561600000000021
3.2849999999997923 0.5615000000000208
3.285999999999792 0.5614000000000205
3.286999999999792 0.5613000000000208
3.287999999999792 0.561200000000021
3.288999999999792 0.5611000000000208
3.2899999999997918 0.5610000000000206
3.2909999999997916 0.5609000000000208
3.2919999999997915 0.5608000000000211
3.2929999999997914 0.5607000000000208
3.2939999999997913 0.5606000000000206
3.294999999999791 0.5605000000000209
3.295999999999791 0.5604000000000211
3.296999999999791 0.5603000000000209
3.297999999999791 0.5602000000000207
3.2989999999997908 0.5601000000000209
3.2999999999997907 0.5600000000000211
3.3009999999997905 0.5599000000000209
3.3019999999997904 0.5598000000000207
3.3029999999997903 0.559700000000021
3.30399999999979 0.5596000000000212
3.30499999999979 0.559500000000021
3.30599999999979 0.5594000000000208
3.30699999999979 0.559300000000021
3.3079999999997898 0.5592000000000212
3.3089999999997897 0.559100000000021
3.3099999999997896 0.5590000000000208
3.3109999999997894 0.558900000000021
3.3119999999997893 0.5588000000000213
3.3129999999997892 0.5587000000000211
3.313999999999789 0.5586000000000209
3.314999999999789 0.5585000000000211
3.315999999999789 0.5584000000000213
3.316999999999789 0.5583000000000211
3.3179999999997887 0.5582000000000209
3.3189999999997886 0.5581000000000211
3.3199999999997885 0.5580000000000214
3.3209999999997883 0.5579000000000212
3.3219999999997882 0.557800000000021
3.322999999999788 0.5577000000000212
3.323999999999788 0.5576000000000214
3.324999999999788 0.5575000000000212
3.325999999999788 0.557400000000021
3.3269999999997877 0.5573000000000212
3.3279999999997876 0.5572000000000215
3.3289999999997875 0.5571000000000212
3.3299999999997874 0.557000000000021
3.3309999999997872 0.5569000000000213
3.331999999999787 0.5568000000000215
3.332999999999787 0.5567000000000213
3.333999999999787 0.5566000000000211
3.334999999999787 0.5565000000000213
3.3359999999997867 0.5564000000000215
3.3369999999997866 0.5563000000000213
3.3379999999997865 0.5562000000000211
3.3389999999997864 0.5561000000000214
3.3399999999997863 0.5560000000000216
3.340999999999786 0.5559000000000214
3.341999999999786 0.5558000000000212
3.342999999999786 0.5557000000000214
3.343999999999786 0.5556000000000216
3.3449999999997857 0.5555000000000214
3.3459999999997856 0.5554000000000212
3.3469999999997855 0.5553000000000214
3.3479999999997854 0.5552000000000217
3.3489999999997853 0.5551000000000215
3.349999999999785 0.5550000000000213
3.350999999999785 0.5549000000000215
3.351999999999785 0.5548000000000217
3.352999999999785 0.5547000000000215
3.3539999999997847 0.5546000000000213
3.3549999999997846 0.5545000000000215
3.3559999999997845 0.5544000000000218
3.3569999999997844 0.5543000000000216
3.3579999999997843 0.5542000000000213
3.358999999999784 0.5541000000000216
3.359999999999784 0.5540000000000218
3.360999999999784 0.5539000000000216
3.361999999999784 0.5538000000000214
3.3629999999997837 0.5537000000000216
3.3639999999997836 0.5536000000000219
3.3649999999997835 0.5535000000000216
3.3659999999997834 0.5534000000000214
3.3669999999997833 0.5533000000000217
3.367999999999783 0.5532000000000219
3.368999999999783 0.5531000000000217
3.369999999999783 0.5530000000000215
3.370999999999783 0.5529000000000217
3.3719999999997827 0.5528000000000219
3.3729999999997826 0.5527000000000217
3.3739999999997825 0.5526000000000215
3.3749999999997824 0.5525000000000218
3.3759999999997823 0.552400000000022
3.376999999999782 0.5523000000000218
3.377999999999782 0.5522000000000216
3.378999999999782 0.5521000000000218
3.379999999999782 0.552000000000022
3.3809999999997817 0.5519000000000218
3.3819999999997816 0.5518000000000216
3.3829999999997815 0.5517000000000218
3.3839999999997814 0.5516000000000221
3.3849999999997813 0.5515000000000219
3.385999999999781 0.5514000000000217
3.386999999999781 0.5513000000000219
3.387999999999781 0.5512000000000221
3.388999999999781 0.5511000000000219
3.3899999999997807 0.5510000000000217
3.3909999999997806 0.5509000000000219
3.3919999999997805 0.5508000000000222
3.3929999999997804 0.550700000000022
3.3939999999997803 0.5506000000000217
3.39499999999978 0.550500000000022
3.39599999999978 0.5504000000000222
3.39699999999978 0.550300000000022
3.39799999999978 0.5502000000000218
3.3989999999997798 0.550100000000022
3.3999999999997796 0.5500000000000222
3.4009999999997795 0.549900000000022
3.4019999999997794 0.549800000000022
3.4029999999997793 0.5497000000000221
3.403999999999779 0.5496000000000221
3.404999999999779 0.5495000000000221
3.405999999999779 0.5494000000000221
3.406999999999779 0.5493000000000221
3.4079999999997788 0.5492000000000221
3.4089999999997787 0.5491000000000221
3.4099999999997785 0.5490000000000221
3.4109999999997784 0.5489000000000221
3.4119999999997783 0.5488000000000222
3.412999999999778 0.5487000000000222
3.413999999999778 0.5486000000000222
3.414999999999778 0.5485000000000222
3.415999999999778 0.5484000000000222
3.4169999999997778 0.5483000000000222
3.4179999999997777 0.5482000000000222
3.4189999999997776 0.5481000000000222
3.4199999999997774 0.5480000000000222
3.4209999999997773 0.5479000000000223
3.421999999999777 0.5478000000000223
3.422999999999777 0.5477000000000223
3.423999999999777 0.5476000000000223
3.424999999999777 0.5475000000000223
3.425999999999777 0.5474000000000223
3.4269999999997767 0.5473000000000223
3.4279999999997766 0.5472000000000223
3.4289999999997764 0.5471000000000223
3.4299999999997763 0.5470000000000224
3.4309999999997762 0.5469000000000224
3.431999999999776 0.5468000000000224
3.432999999999776 0.5467000000000224
3.433999999999776 0.5466000000000224
3.434999999999776 0.5465000000000224
3.4359999999997757 0.5464000000000224
3.4369999999997756 0.5463000000000224
3.4379999999997755 0.5462000000000224
3.4389999999997753 0.5461000000000225
3.4399999999997752 0.5460000000000225
3.440999999999775 0.5459000000000225
3.441999999999775 0.5458000000000225
3.442999999999775 0.5457000000000225
3.443999999999775 0.5456000000000225
3.4449999999997747 0.5455000000000225
3.4459999999997746 0.5454000000000225
3.4469999999997745 0.5453000000000225
3.4479999999997744 0.5452000000000226
3.4489999999997742 0.5451000000000226
3.449999999999774 0.5450000000000226
3.450999999999774 0.5449000000000226
3.451999999999774 0.5448000000000226
3.452999999999774 0.5447000000000226
3.4539999999997737 0.5446000000000226
3.4549999999997736 0.5445000000000226
3.4559999999997735 0.5444000000000226
3.4569999999997734 0.5443000000000227
3.4579999999997733 0.5442000000000227
3.458999999999773 0.5441000000000227
3.459999999999773 0.5440000000000227
3.460999999999773 0.5439000000000227
3.461999999999773 0.5438000000000227
3.4629999999997727 0.5437000000000227
3.4639999999997726 0.5436000000000227
3.4649999999997725 0.5435000000000227
3.4659999999997724 0.5434000000000228
3.4669999999997723 0.5433000000000228
3.467999999999772 0.5432000000000228
3.468999999999772 0.5431000000000228
3.469999999999772 0.5430000000000228
3.470999999999772 0.5429000000000228
3.4719999999997717 0.5428000000000228
3.4729999999997716 0.5427000000000228
3.4739999999997715 0.5426000000000228
3.4749999999997714 0.5425000000000229
3.4759999999997713 0.5424000000000229
3.476999999999771 0.5423000000000229
3.477999999999771 0.5422000000000229
3.478999999999771 0.5421000000000229
3.479999999999771 0.5420000000000229
3.4809999999997707 0.5419000000000229
3.4819999999997706 0.5418000000000229
3.4829999999997705 0.5417000000000229
3.4839999999997704 0.541600000000023
3.4849999999997703 0.541500000000023
3.48599999999977 0.541400000000023
3.48699999999977 0.541300000000023
3.48799999999977 0.541200000000023
3.48899999999977 0.541100000000023
3.4899999999997697 0.541000000000023
3.4909999999997696 0.540900000000023
3.4919999999997695 0.540800000000023
3.4929999999997694 0.540700000000023
3.4939999999997693 0.5406000000000231
3.494999999999769 0.5405000000000231
3.495999999999769 0.5404000000000231
3.496999999999769 0.5403000000000231
3.497999999999769 0.5402000000000231
3.4989999999997687 0.5401000000000231
3.4999999999997686 0.5400000000000231
3.5009999999997685 0.5399000000000231
3.5019999999997684 0.5398000000000232
3.5029999999997683 0.5397000000000232
3.503999999999768 0.5396000000000232
3.504999999999768 0.5395000000000232
3.505999999999768 0.5394000000000232
3.506999999999768 0.5393000000000232
3.5079999999997677 0.5392000000000232
3.5089999999997676 0.5391000000000232
3.5099999999997675 0.5390000000000232
3.5109999999997674 0.5389000000000232
3.5119999999997673 0.5388000000000233
3.512999999999767 0.5387000000000233
3.513999999999767 0.5386000000000233
3.514999999999767 0.5385000000000233
3.515999999999767 0.5384000000000233
3.5169999999997668 0.5383000000000233
3.5179999999997666 0.5382000000000233
3.5189999999997665 0.5381000000000233
3.5199999999997664 0.5380000000000233
3.5209999999997663 0.5379000000000234
3.521999999999766 0.5378000000000234
3.522999999999766 0.5377000000000234
3.523999999999766 0.5376000000000234
3.524999999999766 0.5375000000000234
3.5259999999997658 0.5374000000000234
3.5269999999997657 0.5373000000000234
3.5279999999997655 0.5372000000000234
3.5289999999997654 0.5371000000000234
3.5299999999997653 0.5370000000000235
3.530999999999765 0.5369000000000235
3.531999999999765 0.5368000000000235
3.532999999999765 0.5367000000000235
3.533999999999765 0.5366000000000235
3.5349999999997648 0.5365000000000235
3.5359999999997647 0.5364000000000235
3.5369999999997646 0.5363000000000235
3.5379999999997644 0.5362000000000235
3.5389999999997643 0.5361000000000236
3.5399999999997642 0.5360000000000236
3.540999999999764 0.5359000000000236
3.541999999999764 0.5358000000000236
3.542999999999764 0.5357000000000236
3.543999999999764 0.5356000000000236
3.5449999999997637 0.5355000000000236
3.5459999999997636 0.5354000000000236
3.5469999999997635 0.5353000000000236
3.5479999999997633 0.5352000000000237
3.5489999999997632 0.5351000000000237
3.549999999999763 0.5350000000000237
3.550999999999763 0.5349000000000237
3.551999999999763 0.5348000000000237
3.552999999999763 0.5347000000000237
3.5539999999997627 0.5346000000000237
3.5549999999997626 0.5345000000000237
3.5559999999997625 0.5344000000000237
3.5569999999997624 0.5343000000000238
3.5579999999997622 0.5342000000000238
3.558999999999762 0.5341000000000238
3.559999999999762 0.5340000000000238
3.560999999999762 0.5339000000000238
3.561999999999762 0.5338000000000238
3.5629999999997617 0.5337000000000238
3.5639999999997616 0.5336000000000238
3.5649999999997615 0.5335000000000238
3.5659999999997614 0.5334000000000239
3.5669999999997613 0.5333000000000239
3.567999999999761 0.5332000000000239
3.568999999999761 0.5331000000000239
3.569999999999761 0.5330000000000239
3.570999999999761 0.5329000000000239
3.5719999999997607 0.5328000000000239
3.5729999999997606 0.5327000000000239
3.5739999999997605 0.5326000000000239
3.5749999999997604 0.532500000000024
3.5759999999997603 0.532400000000024
3.57699999999976 0.532300000000024
3.57799999999976 0.532200000000024
3.57899999999976 0.532100000000024
3.57999999999976 0.532000000000024
3.5809999999997597 0.531900000000024
3.5819999999997596 0.531800000000024
3.5829999999997595 0.531700000000024
3.5839999999997594 0.531600000000024
3.5849999999997593 0.5315000000000241
3.585999999999759 0.5314000000000241
3.586999999999759 0.5313000000000241
3.587999999999759 0.5312000000000241
3.588999999999759 0.5311000000000241
3.5899999999997587 0.5310000000000241
3.5909999999997586 0.5309000000000241
3.5919999999997585 0.5308000000000241
3.5929999999997584 0.5307000000000242
3.5939999999997583 0.5306000000000242
3.594999999999758 0.5305000000000242
3.595999999999758 0.5304000000000242
3.596999999999758 0.5303000000000242
3.597999999999758 0.5302000000000242
3.5989999999997577 0.5301000000000242
3.5999999999997576 0.5300000000000242
3.6009999999997575 0.5299000000000242
3.6019999999997574 0.5298000000000243
3.6029999999997573 0.5297000000000243
3.603999999999757 0.5296000000000243
3.604999999999757 0.5295000000000243
3.605999999999757 0.5294000000000243
3.606999999999757 0.5293000000000243
3.6079999999997567 0.5292000000000243
3.6089999999997566 0.5291000000000243
3.6099999999997565 0.5290000000000243
3.6109999999997564 0.5289000000000244
3.6119999999997563 0.5288000000000244
3.612999999999756 0.5287000000000244
3.613999999999756 0.5286000000000244
3.614999999999756 0.5285000000000244
3.615999999999756 0.5284000000000244
3.6169999999997557 0.5283000000000244
3.6179999999997556 0.5282000000000244
3.6189999999997555 0.5281000000000244
3.6199999999997554 0.5280000000000244
3.6209999999997553 0.5279000000000245
3.621999999999755 0.5278000000000245
3.622999999999755 0.5277000000000245
3.623999999999755 0.5276000000000245
3.624999999999755 0.5275000000000245
3.6259999999997548 0.5274000000000245
3.6269999999997546 0.5273000000000245
3.6279999999997545 0.5272000000000245
3.6289999999997544 0.5271000000000245
3.6299999999997543 0.5270000000000246
3.630999999999754 0.5269000000000246
3.631999999999754 0.5268000000000246
3.632999999999754 0.5267000000000246
3.633999999999754 0.5266000000000246
3.6349999999997538 0.5265000000000246
3.6359999999997537 0.5264000000000246
3.6369999999997535 0.5263000000000246
3.6379999999997534 0.5262000000000246
3.6389999999997533 0.5261000000000247
3.639999999999753 0.5260000000000247
3.640999999999753 0.5259000000000247
3.641999999999753 0.5258000000000247
3.642999999999753 0.5257000000000247
3.6439999999997528 0.5256000000000247
3.6449999999997527 0.5255000000000247
3.6459999999997525 0.5254000000000247
3.6469999999997524 0.5253000000000247
3.6479999999997523 0.5252000000000248
3.648999999999752 0.5251000000000248
3.649999999999752 0.5250000000000248
3.650999999999752 0.5249000000000248
3.651999999999752 0.5248000000000248
3.652999999999752 0.5247000000000248
3.6539999999997517 0.5246000000000248
3.6549999999997516 0.5245000000000248
3.6559999999997514 0.5244000000000248
3.6569999999997513 0.5243000000000249
3.6579999999997512 0.5242000000000249
3.658999999999751 0.5241000000000249
3.659999999999751 0.5240000000000249
3.660999999999751 0.5239000000000249
3.661999999999751 0.5238000000000249
3.6629999999997507 0.5237000000000249
3.6639999999997506 0.5236000000000249
3.6649999999997505 0.523500000000025
3.6659999999997503 0.523400000000025
3.6669999999997502 0.523300000000025
3.66799999999975 0.523200000000025
3.66899999999975 0.523100000000025
3.66999999999975 0.523000000000025
3.67099999999975 0.522900000000025
3.6719999999997497 0.522800000000025
3.6729999999997496 0.522700000000025
3.6739999999997495 0.522600000000025
3.6749999999997494 0.5225000000000251
3.6759999999997492 0.5224000000000251
3.676999999999749 0.5223000000000251
3.677999999999749 0.5222000000000251
3.678999999999749 0.5221000000000251
3.679999999999749 0.5220000000000251
3.6809999999997487 0.5219000000000251
3.6819999999997486 0.5218000000000251
3.6829999999997485 0.5217000000000251
3.6839999999997484 0.5216000000000252
3.6849999999997483 0.5215000000000252
3.685999999999748 0.5214000000000252
3.686999999999748 0.5213000000000252
3.687999999999748 0.5212000000000252
3.688999999999748 0.5211000000000252
3.6899999999997477 0.5210000000000252
3.6909999999997476 0.5209000000000252
3.6919999999997475 0.5208000000000252
3.6929999999997474 0.5207000000000253
3.6939999999997473 0.5206000000000253
3.694999999999747 0.5205000000000253
3.695999999999747 0.5204000000000253
3.696999999999747 0.5203000000000253
3.697999999999747 0.5202000000000253
3.6989999999997467 0.5201000000000253
3.6999999999997466 0.5200000000000253
3.7009999999997465 0.5199000000000253
3.7019999999997464 0.5198000000000254
3.7029999999997463 0.5197000000000254
3.703999999999746 0.5196000000000254
3.704999999999746 0.5195000000000254
3.705999999999746 0.5194000000000254
3.706999999999746 0.5193000000000254
3.7079999999997457 0.5192000000000254
3.7089999999997456 0.5191000000000254
3.7099999999997455 0.5190000000000254
3.7109999999997454 0.5189000000000255
3.7119999999997453 0.5188000000000255
3.712999999999745 0.5187000000000255
3.713999999999745 0.5186000000000255
3.714999999999745 0.5185000000000255
3.715999999999745 0.5184000000000255
3.7169999999997447 0.5183000000000255
3.7179999999997446 0.5182000000000255
3.7189999999997445 0.5181000000000255
3.7199999999997444 0.5180000000000256
3.7209999999997443 0.5179000000000256
3.721999999999744 0.5178000000000256
3.722999999999744 0.5177000000000256
3.723999999999744 0.5176000000000256
3.724999999999744 0.5175000000000256
3.7259999999997437 0.5174000000000256
3.7269999999997436 0.5173000000000256
3.7279999999997435 0.5172000000000256
3.7289999999997434 0.5171000000000257
3.7299999999997433 0.5170000000000257
3.730999999999743 0.5169000000000257
3.731999999999743 0.5168000000000257
3.732999999999743 0.5167000000000257
3.733999999999743 0.5166000000000257
3.7349999999997427 0.5165000000000257
3.7359999999997426 0.5164000000000257
3.7369999999997425 0.5163000000000257
3.7379999999997424 0.5162000000000257
3.7389999999997423 0.5161000000000258
3.739999999999742 0.5160000000000258
3.740999999999742 0.5159000000000258
3.741999999999742 0.5158000000000258
3.742999999999742 0.5157000000000258
3.7439999999997418 0.5156000000000258
3.7449999999997416 0.5155000000000258
3.7459999999997415 0.5154000000000258
3.7469999999997414 0.5153000000000258
3.7479999999997413 0.5152000000000259
3.748999999999741 0.5151000000000259
3.749999999999741 0.5150000000000259
3.750999999999741 0.5149000000000259
3.751999999999741 0.5148000000000259
3.7529999999997408 0.5147000000000259
3.7539999999997407 0.5146000000000259
3.7549999999997405 0.5145000000000259
3.7559999999997404 0.514400000000026
3.7569999999997403 0.514300000000026
3.75799999999974 0.514200000000026
3.75899999999974 0.514100000000026
3.75999999999974 0.514000000000026
3.76099999999974 0.513900000000026
3.7619999999997398 0.513800000000026
3.7629999999997397 0.513700000000026
3.7639999999997396 0.513600000000026
3.7649999999997394 0.513500000000026
3.7659999999997393 0.5134000000000261
3.7669999999997392 0.5133000000000261
3.767999999999739 0.5132000000000261
3.768999999999739 0.5131000000000261
3.769999999999739 0.5130000000000261
3.770999999999739 0.5129000000000261
3.7719999999997387 0.5128000000000261
3.7729999999997386 0.5127000000000261
3.7739999999997385 0.5126000000000261
3.7749999999997383 0.5125000000000262
3.7759999999997382 0.5124000000000262
3.776999999999738 0.5123000000000262
3.777999999999738 0.5122000000000262
3.778999999999738 0.5121000000000262
3.779999999999738 0.5120000000000262
3.7809999999997377 0.5119000000000262
3.7819999999997376 0.5118000000000262
3.7829999999997375 0.5117000000000262
3.7839999999997374 0.5116000000000263
3.7849999999997372 0.5115000000000263
3.785999999999737 0.5114000000000263
3.786999999999737 0.5113000000000263
3.787999999999737 0.5112000000000263
3.788999999999737 0.5111000000000263
3.7899999999997367 0.5110000000000263
3.7909999999997366 0.5109000000000263
3.7919999999997365 0.5108000000000263
3.7929999999997364 0.5107000000000264
3.7939999999997363 0.5106000000000264
3.794999999999736 0.5105000000000264
3.795999999999736 0.5104000000000264
3.796999999999736 0.5103000000000264
3.797999999999736 0.5102000000000264
3.7989999999997357 0.5101000000000264
3.7999999999997356 0.5100000000000264
3.8009999999997355 0.5099000000000264
3.8019999999997354 0.5098000000000265
3.8029999999997353 0.5097000000000265
3.803999999999735 0.5096000000000265
3.804999999999735 0.5095000000000265
3.805999999999735 0.5094000000000265
3.806999999999735 0.5093000000000265
3.8079999999997347 0.5092000000000265
3.8089999999997346 0.5091000000000265
3.8099999999997345 0.5090000000000265
3.8109999999997344 0.5089000000000266
3.8119999999997343 0.5088000000000266
3.812999999999734 0.5087000000000266
3.813999999999734 0.5086000000000266
3.814999999999734 0.5085000000000266
3.815999999999734 0.5084000000000266
3.8169999999997337 0.5083000000000266
3.8179999999997336 0.5082000000000266
3.8189999999997335 0.5081000000000266
3.8199999999997334 0.5080000000000267
3.8209999999997333 0.5079000000000267
3.821999999999733 0.5078000000000267
3.822999999999733 0.5077000000000267
3.823999999999733 0.5076000000000267
3.824999999999733 0.5075000000000267
3.8259999999997327 0.5074000000000267
3.8269999999997326 0.5073000000000267
3.8279999999997325 0.5072000000000267
3.8289999999997324 0.5071000000000268
3.8299999999997323 0.5070000000000268
3.830999999999732 0.5069000000000268
3.831999999999732 0.5068000000000268
3.832999999999732 0.5067000000000268
3.833999999999732 0.5066000000000268
3.8349999999997317 0.5065000000000268
3.8359999999997316 0.5064000000000268
3.8369999999997315 0.5063000000000268
3.8379999999997314 0.5062000000000269
3.8389999999997313 0.5061000000000269
3.839999999999731 0.5060000000000269
3.840999999999731 0.5059000000000269
3.841999999999731 0.5058000000000269
3.842999999999731 0.5057000000000269
3.8439999999997307 0.5056000000000269
3.8449999999997306 0.5055000000000269
3.8459999999997305 0.5054000000000269
3.8469999999997304 0.505300000000027
3.8479999999997303 0.505200000000027
3.84899999999973 0.505100000000027
3.84999999999973 0.505000000000027
3.85099999999973 0.504900000000027
3.85199999999973 0.504800000000027
3.8529999999997298 0.504700000000027
3.8539999999997296 0.504600000000027
3.8549999999997295 0.504500000000027
3.8559999999997294 0.504400000000027
3.8569999999997293 0.5043000000000271
3.857999999999729 0.5042000000000271
3.858999999999729 0.5041000000000271
3.859999999999729 0.5040000000000271
3.860999999999729 0.5039000000000271
3.8619999999997288 0.5038000000000271
3.8629999999997287 0.5037000000000271
3.8639999999997285 0.5036000000000271
3.8649999999997284 0.5035000000000271
3.8659999999997283 0.5034000000000272
3.866999999999728 0.5033000000000272
3.867999999999728 0.5032000000000272
3.868999999999728 0.5031000000000272
3.869999999999728 0.5030000000000272
3.8709999999997278 0.5029000000000272
3.8719999999997277 0.5028000000000272
3.8729999999997275 0.5027000000000272
3.8739999999997274 0.5026000000000272
3.8749999999997273 0.5025000000000273
3.875999999999727 0.5024000000000273
3.876999999999727 0.5023000000000273
3.877999999999727 0.5022000000000273
3.878999999999727 0.5021000000000273
3.879999999999727 0.5020000000000273
3.8809999999997267 0.5019000000000273
3.8819999999997266 0.5018000000000273
3.8829999999997264 0.5017000000000273
3.8839999999997263 0.5016000000000274
3.8849999999997262 0.5015000000000274
3.885999999999726 0.5014000000000274
3.886999999999726 0.5013000000000274
3.887999999999726 0.5012000000000274
3.888999999999726 0.5011000000000274
3.8899999999997257 0.5010000000000274
3.8909999999997256 0.5009000000000274
3.8919999999997255 0.5008000000000274
3.8929999999997253 0.5007000000000275
3.8939999999997252 0.5006000000000275
3.894999999999725 0.5005000000000275
3.895999999999725 0.5004000000000275
3.896999999999725 0.5003000000000275
3.897999999999725 0.5002000000000275
3.8989999999997247 0.5001000000000275
3.8999999999997246 0.5000000000000275
3.9009999999997245 0.49990000000002754
3.9019999999997244 0.49980000000002756
3.9029999999997242 0.49970000000002757
3.903999999999724 0.4996000000000276
3.904999999999724 0.4995000000000276
3.905999999999724 0.4994000000000276
3.906999999999724 0.4993000000000276
3.9079999999997237 0.4992000000000276
3.9089999999997236 0.49910000000002763
3.9099999999997235 0.49900000000002764
3.9109999999997234 0.49890000000002765
3.9119999999997233 0.49880000000002767
3.912999999999723 0.4987000000000277
3.913999999999723 0.4986000000000277
3.914999999999723 0.4985000000000277
3.915999999999723 0.4984000000000277
3.9169999999997227 0.4983000000000277
3.9179999999997226 0.49820000000002773
3.9189999999997225 0.49810000000002774
3.9199999999997224 0.49800000000002775
3.9209999999997223 0.49790000000002776
3.921999999999722 0.4978000000000278
3.922999999999722 0.4977000000000278
3.923999999999722 0.4976000000000278
3.924999999999722 0.4975000000000278
3.9259999999997217 0.4974000000000278
3.9269999999997216 0.49730000000002783
3.9279999999997215 0.49720000000002784
3.9289999999997214 0.49710000000002785
3.9299999999997213 0.49700000000002786
3.930999999999721 0.4969000000000279
3.931999999999721 0.4968000000000279
3.932999999999721 0.4967000000000279
3.933999999999721 0.4966000000000279
3.9349999999997207 0.4965000000000279
3.9359999999997206 0.49640000000002793
3.9369999999997205 0.49630000000002794
3.9379999999997204 0.49620000000002795
3.9389999999997203 0.49610000000002796
3.93999999999972 0.496000000000028
3.94099999999972 0.495900000000028
3.94199999999972 0.495800000000028
3.94299999999972 0.495700000000028
3.9439999999997197 0.495600000000028
3.9449999999997196 0.49550000000002803
3.9459999999997195 0.49540000000002804
3.9469999999997194 0.49530000000002805
3.9479999999997193 0.49520000000002806
3.948999999999719 0.4951000000000281
3.949999999999719 0.4950000000000281
3.950999999999719 0.4949000000000281
3.951999999999719 0.4948000000000281
3.9529999999997187 0.4947000000000281
3.9539999999997186 0.49460000000002813
3.9549999999997185 0.49450000000002814
3.9559999999997184 0.49440000000002815
3.9569999999997183 0.49430000000002816
3.957999999999718 0.4942000000000282
3.958999999999718 0.4941000000000282
3.959999999999718 0.4940000000000282
3.960999999999718 0.4939000000000282
3.9619999999997177 0.4938000000000282
3.9629999999997176 0.4937000000000282
3.9639999999997175 0.49360000000002824
3.9649999999997174 0.49350000000002825
3.9659999999997173 0.49340000000002826
3.966999999999717 0.49330000000002827
3.967999999999717 0.4932000000000283
3.968999999999717 0.4931000000000283
3.969999999999717 0.4930000000000283
3.9709999999997168 0.4929000000000283
3.9719999999997166 0.4928000000000283
3.9729999999997165 0.49270000000002834
3.9739999999997164 0.49260000000002835
3.9749999999997163 0.49250000000002836
3.975999999999716 0.49240000000002837
3.976999999999716 0.4923000000000284
3.977999999999716 0.4922000000000284
3.978999999999716 0.4921000000000284
3.9799999999997158 0.4920000000000284
3.9809999999997157 0.4919000000000284
3.9819999999997155 0.49180000000002844
3.9829999999997154 0.49170000000002845
3.9839999999997153 0.49160000000002846
3.984999999999715 0.49150000000002847
3.985999999999715 0.4914000000000285
3.986999999999715 0.4913000000000285
3.987999999999715 0.4912000000000285
3.9889999999997148 0.4911000000000285
3.9899999999997147 0.4910000000000285
3.9909999999997146 0.49090000000002854
3.9919999999997144 0.49080000000002855
3.9929999999997143 0.49070000000002856
3.9939999999997142 0.49060000000002857
3.994999999999714 0.4905000000000286
3.995999999999714 0.4904000000000286
3.996999999999714 0.4903000000000286
3.997999999999714 0.4902000000000286
3.9989999999997137 0.4901000000000286
3.9999999999997136 0.49000000000002863
