1.4 0.5399959999999999
1.4009999999999998 0.54009599
1.4019999999999997 0.54019598
1.4029999999999996 0.54029597
1.4039999999999995 0.5403959599999999
1.4049999999999994 0.54049595
1.4059999999999993 0.5405959399999999
1.4069999999999991 0.5406959299999999
1.407999999999999 0.5407959199999999
1.408999999999999 0.5408959099999999
1.4099999999999988 0.5409958999999999
1.4109999999999987 0.5410958899999998
1.4119999999999986 0.5411958799999999
1.4129999999999985 0.5412958699999999
1.4139999999999984 0.5413958599999998
1.4149999999999983 0.5414958499999998
1.4159999999999981 0.5415958399999998
1.416999999999998 0.5416958299999998
1.417999999999998 0.5417958199999998
1.4189999999999978 0.5418958099999998
1.4199999999999977 0.5419957999999998
1.4209999999999976 0.5420957899999997
1.4219999999999975 0.5421957799999997
1.4229999999999974 0.5422957699999997
1.4239999999999973 0.5423957599999998
1.4249999999999972 0.5424957499999997
1.425999999999997 0.5425957399999997
1.426999999999997 0.5426957299999997
1.4279999999999968 0.5427957199999996
1.4289999999999967 0.5428957099999997
1.4299999999999966 0.5429956999999996
1.4309999999999965 0.5430956899999997
1.4319999999999964 0.5431956799999996
1.4329999999999963 0.5432956699999996
1.4339999999999962 0.5433956599999996
1.434999999999996 0.5434956499999996
1.435999999999996 0.5435956399999996
1.4369999999999958 0.5436956299999995
1.4379999999999957 0.5437956199999996
1.4389999999999956 0.5438956099999995
1.4399999999999955 0.5439955999999995
1.4409999999999954 0.5440955899999995
1.4419999999999953 0.5441955799999996
1.4429999999999952 0.5442955699999995
1.443999999999995 0.5443955599999994
1.444999999999995 0.5444955499999995
1.4459999999999948 0.5445955399999994
1.4469999999999947 0.5446955299999995
1.4479999999999946 0.5447955199999994
1.4489999999999945 0.5448955099999995
1.4499999999999944 0.5449954999999994
1.4509999999999943 0.5450954899999993
1.4519999999999942 0.5451954799999994
1.452999999999994 0.5452954699999994
1.453999999999994 0.5453954599999994
1.4549999999999939 0.5454954499999993
1.4559999999999937 0.5455954399999994
1.4569999999999936 0.5456954299999993
1.4579999999999935 0.5457954199999994
1.4589999999999934 0.5458954099999993
1.4599999999999933 0.5459953999999994
1.4609999999999932 0.5460953899999993
1.461999999999993 0.5461953799999992
1.462999999999993 0.5462953699999993
1.4639999999999929 0.5463953599999993
1.4649999999999928 0.5464953499999993
1.4659999999999926 0.5465953399999992
1.4669999999999925 0.5466953299999993
1.4679999999999924 0.5467953199999992
1.4689999999999923 0.5468953099999992
1.4699999999999922 0.5469952999999992
1.470999999999992 0.5470952899999992
1.471999999999992 0.5471952799999992
1.4729999999999919 0.5472952699999991
1.4739999999999918 0.5473952599999992
1.4749999999999917 0.5474952499999992
1.4759999999999915 0.5475952399999992
1.4769999999999914 0.5476952299999991
1.4779999999999913 0.5477952199999991
1.4789999999999912 0.5478952099999991
1.479999999999991 0.5479951999999991
1.480999999999991 0.5480951899999991
1.4819999999999909 0.5481951799999991
1.4829999999999908 0.548295169999999
1.4839999999999907 0.548395159999999
1.4849999999999905 0.548495149999999
1.4859999999999904 0.5485951399999991
1.4869999999999903 0.548695129999999
1.4879999999999902 0.548795119999999
1.48899999999999 0.548895109999999
1.48999999999999 0.548995099999999
1.4909999999999899 0.549095089999999
1.4919999999999898 0.549195079999999
1.4929999999999897 0.549295069999999
1.4939999999999896 0.5493950599999989
1.4949999999999894 0.5494950499999989
1.4959999999999893 0.5495950399999989
1.4969999999999892 0.549695029999999
1.4979999999999891 0.5497950199999989
1.498999999999989 0.5498950099999989
1.499999999999989 0.5499949999999989
1.5009999999999888 0.5500949899999988
1.5019999999999887 0.5501949799999989
1.5029999999999886 0.5502949699999988
1.5039999999999885 0.5503949599999989
1.5049999999999883 0.5504949499999988
1.5059999999999882 0.5505949399999988
1.5069999999999881 0.5506949299999988
1.507999999999988 0.5507949199999987
1.508999999999988 0.5508949099999988
1.5099999999999878 0.5509948999999987
1.5109999999999877 0.5510948899999988
1.5119999999999876 0.5511948799999987
1.5129999999999875 0.5512948699999988
1.5139999999999874 0.5513948599999987
1.5149999999999872 0.5514948499999988
1.5159999999999871 0.5515948399999987
1.516999999999987 0.5516948299999986
1.517999999999987 0.5517948199999987
1.5189999999999868 0.5518948099999986
1.5199999999999867 0.5519947999999987
1.5209999999999866 0.5520947899999986
1.5219999999999865 0.5521947799999987
1.5229999999999864 0.5522947699999986
1.5239999999999863 0.5523947599999985
1.5249999999999861 0.5524947499999986
1.525999999999986 0.5525947399999986
1.526999999999986 0.5526947299999986
1.5279999999999858 0.5527947199999985
1.5289999999999857 0.5528947099999986
1.5299999999999856 0.5529946999999985
1.5309999999999855 0.5530946899999986
1.5319999999999854 0.5531946799999985
1.5329999999999853 0.5532946699999985
1.5339999999999852 0.5533946599999985
1.534999999999985 0.5534946499999984
1.535999999999985 0.5535946399999985
1.5369999999999848 0.5536946299999985
1.5379999999999847 0.5537946199999985
1.5389999999999846 0.5538946099999984
1.5399999999999845 0.5539945999999984
1.5409999999999844 0.5540945899999984
1.5419999999999843 0.5541945799999984
1.5429999999999842 0.5542945699999984
1.543999999999984 0.5543945599999984
1.544999999999984 0.5544945499999984
1.5459999999999838 0.5545945399999983
1.5469999999999837 0.5546945299999984
1.5479999999999836 0.5547945199999984
1.5489999999999835 0.5548945099999983
1.5499999999999834 0.5549944999999983
1.5509999999999833 0.5550944899999983
1.5519999999999832 0.5551944799999983
1.552999999999983 0.5552944699999983
1.553999999999983 0.5553944599999983
1.5549999999999828 0.5554944499999983
1.5559999999999827 0.5555944399999982
1.5569999999999826 0.5556944299999982
1.5579999999999825 0.5557944199999982
1.5589999999999824 0.5558944099999983
1.5599999999999823 0.5559943999999982
1.5609999999999822 0.5560943899999982
1.561999999999982 0.5561943799999982
1.562999999999982 0.5562943699999982
1.5639999999999818 0.5563943599999982
1.5649999999999817 0.5564943499999981
1.5659999999999816 0.5565943399999982
1.5669999999999815 0.5566943299999981
1.5679999999999814 0.5567943199999981
1.5689999999999813 0.5568943099999981
1.5699999999999812 0.5569942999999982
1.570999999999981 0.5570942899999981
1.571999999999981 0.557194279999998
1.5729999999999809 0.5572942699999981
1.5739999999999807 0.557394259999998
1.5749999999999806 0.5574942499999981
1.5759999999999805 0.557594239999998
1.5769999999999804 0.5576942299999981
1.5779999999999803 0.557794219999998
1.5789999999999802 0.557894209999998
1.57999999999998 0.557994199999998
1.58099999999998 0.558094189999998
1.5819999999999799 0.558194179999998
1.5829999999999798 0.5582941699999979
1.5839999999999796 0.558394159999998
1.5849999999999795 0.5584941499999979
1.5859999999999794 0.558594139999998
1.5869999999999793 0.5586941299999979
1.5879999999999792 0.558794119999998
1.588999999999979 0.5588941099999979
1.589999999999979 0.5589940999999978
1.5909999999999789 0.5590940899999979
1.5919999999999788 0.5591940799999978
1.5929999999999787 0.5592940699999979
1.5939999999999785 0.5593940599999978
1.5949999999999784 0.5594940499999979
1.5959999999999783 0.5595940399999978
1.5969999999999782 0.5596940299999978
1.597999999999978 0.5597940199999978
1.598999999999978 0.5598940099999978
1.5999999999999779 0.5599939999999978
1.6009999999999778 0.5600939899999977
1.6019999999999777 0.5601939799999978
1.6029999999999776 0.5602939699999977
1.6039999999999774 0.5603939599999977
1.6049999999999773 0.5604939499999977
1.6059999999999772 0.5605939399999977
1.6069999999999771 0.5606939299999977
1.607999999999977 0.5607939199999976
1.608999999999977 0.5608939099999977
1.6099999999999768 0.5609938999999977
1.6109999999999767 0.5610938899999977
1.6119999999999766 0.5611938799999976
1.6129999999999765 0.5612938699999976
1.6139999999999763 0.5613938599999976
1.6149999999999762 0.5614938499999976
1.6159999999999761 0.5615938399999976
1.616999999999976 0.5616938299999976
1.617999999999976 0.5617938199999976
1.6189999999999758 0.5618938099999975
1.6199999999999757 0.5619937999999975
1.6209999999999756 0.5620937899999976
1.6219999999999755 0.5621937799999975
1.6229999999999754 0.5622937699999975
1.6239999999999752 0.5623937599999975
1.6249999999999751 0.5624937499999976
1.625999999999975 0.5625937399999974
1.626999999999975 0.5626937299999974
1.6279999999999748 0.5627937199999975
1.6289999999999747 0.5628937099999974
1.6299999999999746 0.5629936999999974
1.6309999999999745 0.5630936899999974
1.6319999999999744 0.5631936799999975
1.6329999999999742 0.5632936699999974
1.6339999999999741 0.5633936599999974
1.634999999999974 0.5634936499999974
1.635999999999974 0.5635936399999975
1.6369999999999738 0.5636936299999973
1.6379999999999737 0.5637936199999973
1.6389999999999736 0.5638936099999974
1.6399999999999735 0.5639935999999973
1.6409999999999734 0.5640935899999973
1.6419999999999733 0.5641935799999973
1.6429999999999731 0.5642935699999974
1.643999999999973 0.5643935599999973
1.644999999999973 0.5644935499999972
1.6459999999999728 0.5645935399999973
1.6469999999999727 0.5646935299999972
1.6479999999999726 0.5647935199999972
1.6489999999999725 0.5648935099999972
1.6499999999999724 0.5649934999999973
1.6509999999999723 0.5650934899999972
1.6519999999999722 0.5651934799999971
1.652999999999972 0.5652934699999972
1.653999999999972 0.5653934599999972
1.6549999999999718 0.5654934499999972
1.6559999999999717 0.5655934399999971
1.6569999999999716 0.5656934299999972
1.6579999999999715 0.5657934199999971
1.6589999999999714 0.565893409999997
1.6599999999999713 0.5659933999999971
1.6609999999999712 0.5660933899999971
1.661999999999971 0.5661933799999971
1.662999999999971 0.566293369999997
1.6639999999999708 0.5663933599999971
1.6649999999999707 0.5664933499999971
1.6659999999999706 0.5665933399999971
1.6669999999999705 0.566693329999997
1.6679999999999704 0.566793319999997
1.6689999999999703 0.566893309999997
1.6699999999999702 0.5669932999999969
1.67099999999997 0.567093289999997
1.67199999999997 0.567193279999997
1.6729999999999698 0.567293269999997
1.6739999999999697 0.5673932599999969
1.6749999999999696 0.567493249999997
1.6759999999999695 0.567593239999997
1.6769999999999694 0.5676932299999969
1.6779999999999693 0.5677932199999969
1.6789999999999692 0.5678932099999969
1.679999999999969 0.5679931999999969
1.680999999999969 0.5680931899999968
1.6819999999999689 0.5681931799999969
1.6829999999999687 0.5682931699999969
1.6839999999999686 0.5683931599999968
1.6849999999999685 0.5684931499999968
1.6859999999999684 0.5685931399999968
1.6869999999999683 0.5686931299999969
1.6879999999999682 0.5687931199999968
1.688999999999968 0.5688931099999968
1.689999999999968 0.5689930999999968
1.6909999999999679 0.5690930899999967
1.6919999999999678 0.5691930799999967
1.6929999999999676 0.5692930699999967
1.6939999999999675 0.5693930599999968
1.6949999999999674 0.5694930499999967
1.6959999999999673 0.5695930399999967
1.6969999999999672 0.5696930299999967
1.697999999999967 0.5697930199999968
1.698999999999967 0.5698930099999967
1.6999999999999669 0.5699929999999966
1.7009999999999668 0.5700929899999967
1.7019999999999667 0.5701929799999966
1.7029999999999665 0.5702929699999966
1.7039999999999664 0.5703929599999966
1.7049999999999663 0.5704929499999967
1.7059999999999662 0.5705929399999966
1.706999999999966 0.5706929299999965
1.707999999999966 0.5707929199999966
1.7089999999999659 0.5708929099999966
1.7099999999999658 0.5709928999999965
1.7109999999999657 0.5710928899999965
1.7119999999999655 0.5711928799999966
1.7129999999999654 0.5712928699999965
1.7139999999999653 0.5713928599999964
1.7149999999999652 0.5714928499999965
1.715999999999965 0.5715928399999965
1.716999999999965 0.5716928299999965
1.7179999999999649 0.5717928199999964
1.7189999999999648 0.5718928099999965
1.7199999999999647 0.5719927999999965
1.7209999999999646 0.5720927899999964
1.7219999999999644 0.5721927799999964
1.7229999999999643 0.5722927699999965
1.7239999999999642 0.5723927599999964
1.7249999999999641 0.5724927499999963
1.725999999999964 0.5725927399999964
1.726999999999964 0.5726927299999964
1.7279999999999638 0.5727927199999964
1.7289999999999637 0.5728927099999963
1.7299999999999636 0.5729926999999964
1.7309999999999635 0.5730926899999963
1.7319999999999633 0.5731926799999962
1.7329999999999632 0.5732926699999963
1.7339999999999631 0.5733926599999963
1.734999999999963 0.5734926499999963
1.735999999999963 0.5735926399999962
1.7369999999999628 0.5736926299999963
1.7379999999999627 0.5737926199999963
1.7389999999999626 0.5738926099999963
1.7399999999999625 0.5739925999999962
1.7409999999999624 0.5740925899999962
1.7419999999999622 0.5741925799999962
1.7429999999999621 0.5742925699999961
1.743999999999962 0.5743925599999962
1.744999999999962 0.5744925499999962
1.7459999999999618 0.5745925399999962
1.7469999999999617 0.5746925299999961
1.7479999999999616 0.5747925199999961
1.7489999999999615 0.5748925099999962
1.7499999999999614 0.5749924999999961
1.7509999999999613 0.5750924899999961
1.7519999999999611 0.5751924799999961
1.752999999999961 0.5752924699999961
1.753999999999961 0.575392459999996
1.7549999999999608 0.575492449999996
1.7559999999999607 0.5755924399999961
1.7569999999999606 0.575692429999996
1.7579999999999605 0.575792419999996
1.7589999999999604 0.575892409999996
1.7599999999999603 0.5759923999999961
1.7609999999999602 0.576092389999996
1.76199999999996 0.576192379999996
1.76299999999996 0.576292369999996
1.7639999999999598 0.5763923599999959
1.7649999999999597 0.5764923499999959
1.7659999999999596 0.5765923399999959
1.7669999999999595 0.576692329999996
1.7679999999999594 0.5767923199999959
1.7689999999999593 0.5768923099999959
1.7699999999999592 0.5769922999999959
1.770999999999959 0.577092289999996
1.771999999999959 0.5771922799999959
1.7729999999999588 0.5772922699999958
1.7739999999999587 0.5773922599999959
1.7749999999999586 0.5774922499999958
1.7759999999999585 0.5775922399999958
1.7769999999999584 0.5776922299999958
1.7779999999999583 0.5777922199999959
1.7789999999999582 0.5778922099999958
1.779999999999958 0.5779921999999957
1.780999999999958 0.5780921899999958
1.7819999999999578 0.5781921799999958
1.7829999999999577 0.5782921699999958
1.7839999999999576 0.5783921599999957
1.7849999999999575 0.5784921499999958
1.7859999999999574 0.5785921399999957
1.7869999999999573 0.5786921299999956
1.7879999999999572 0.5787921199999957
1.788999999999957 0.5788921099999957
1.789999999999957 0.5789920999999957
1.7909999999999568 0.5790920899999956
1.7919999999999567 0.5791920799999957
1.7929999999999566 0.5792920699999957
1.7939999999999565 0.5793920599999955
1.7949999999999564 0.5794920499999956
1.7959999999999563 0.5795920399999956
1.7969999999999562 0.5796920299999956
1.797999999999956 0.5797920199999955
1.798999999999956 0.5798920099999956
1.7999999999999559 0.5799919999999956
1.8009999999999557 0.5800919899999956
1.8019999999999556 0.5801919799999955
1.8029999999999555 0.5802919699999955
1.8039999999999554 0.5803919599999956
1.8049999999999553 0.5804919499999954
1.8059999999999552 0.5805919399999955
1.806999999999955 0.5806919299999955
1.807999999999955 0.5807919199999955
1.8089999999999549 0.5808919099999954
1.8099999999999548 0.5809918999999955
1.8109999999999546 0.5810918899999955
1.8119999999999545 0.5811918799999954
1.8129999999999544 0.5812918699999954
1.8139999999999543 0.5813918599999954
1.8149999999999542 0.5814918499999954
1.815999999999954 0.5815918399999953
1.816999999999954 0.5816918299999954
1.8179999999999539 0.5817918199999954
1.8189999999999538 0.5818918099999953
1.8199999999999537 0.5819917999999953
1.8209999999999535 0.5820917899999953
1.8219999999999534 0.5821917799999954
1.8229999999999533 0.5822917699999953
1.8239999999999532 0.5823917599999953
1.824999999999953 0.5824917499999953
1.825999999999953 0.5825917399999953
1.8269999999999529 0.5826917299999952
1.8279999999999528 0.5827917199999952
1.8289999999999527 0.5828917099999953
1.8299999999999526 0.5829916999999952
1.8309999999999524 0.5830916899999952
1.8319999999999523 0.5831916799999952
1.8329999999999522 0.5832916699999953
1.8339999999999521 0.5833916599999952
1.834999999999952 0.5834916499999951
1.835999999999952 0.5835916399999952
1.8369999999999518 0.5836916299999951
1.8379999999999517 0.5837916199999951
1.8389999999999516 0.5838916099999951
1.8399999999999515 0.5839915999999952
1.8409999999999513 0.5840915899999951
1.8419999999999512 0.584191579999995
1.8429999999999511 0.5842915699999951
1.843999999999951 0.5843915599999951
1.844999999999951 0.5844915499999951
1.8459999999999508 0.584591539999995
1.8469999999999507 0.5846915299999951
1.8479999999999506 0.584791519999995
1.8489999999999505 0.584891509999995
1.8499999999999504 0.584991499999995
1.8509999999999502 0.585091489999995
1.8519999999999501 0.585191479999995
1.85299999999995 0.5852914699999949
1.85399999999995 0.585391459999995
1.8549999999999498 0.585491449999995
1.8559999999999497 0.585591439999995
1.8569999999999496 0.5856914299999949
1.8579999999999495 0.585791419999995
1.8589999999999494 0.5858914099999949
1.8599999999999492 0.5859913999999948
1.8609999999999491 0.5860913899999949
1.861999999999949 0.5861913799999949
1.862999999999949 0.5862913699999949
1.8639999999999488 0.5863913599999948
1.8649999999999487 0.5864913499999949
1.8659999999999486 0.5865913399999949
1.8669999999999485 0.5866913299999947
1.8679999999999484 0.5867913199999948
1.8689999999999483 0.5868913099999948
1.8699999999999481 0.5869912999999948
1.870999999999948 0.5870912899999947
1.871999999999948 0.5871912799999948
1.8729999999999478 0.5872912699999948
1.8739999999999477 0.5873912599999948
1.8749999999999476 0.5874912499999947
1.8759999999999475 0.5875912399999947
1.8769999999999474 0.5876912299999948
1.8779999999999473 0.5877912199999946
1.8789999999999472 0.5878912099999947
1.879999999999947 0.5879911999999947
1.880999999999947 0.5880911899999947
1.8819999999999468 0.5881911799999946
1.8829999999999467 0.5882911699999946
1.8839999999999466 0.5883911599999947
1.8849999999999465 0.5884911499999946
1.8859999999999464 0.5885911399999946
1.8869999999999463 0.5886911299999946
1.8879999999999462 0.5887911199999946
1.888999999999946 0.5888911099999945
1.889999999999946 0.5889910999999945
1.8909999999999458 0.5890910899999946
1.8919999999999457 0.5891910799999945
1.8929999999999456 0.5892910699999945
1.8939999999999455 0.5893910599999945
1.8949999999999454 0.5894910499999946
1.8959999999999453 0.5895910399999945
1.8969999999999452 0.5896910299999945
1.897999999999945 0.5897910199999945
1.898999999999945 0.5898910099999944
1.8999999999999448 0.5899909999999944
1.9009999999999447 0.5900909899999944
1.9019999999999446 0.5901909799999945
1.9029999999999445 0.5902909699999944
1.9039999999999444 0.5903909599999944
1.9049999999999443 0.5904909499999944
1.9059999999999442 0.5905909399999945
1.906999999999944 0.5906909299999944
1.907999999999944 0.5907909199999943
1.9089999999999439 0.5908909099999944
1.9099999999999437 0.5909908999999943
1.9109999999999436 0.5910908899999943
1.9119999999999435 0.5911908799999943
1.9129999999999434 0.5912908699999944
1.9139999999999433 0.5913908599999943
1.9149999999999432 0.5914908499999942
1.915999999999943 0.5915908399999943
1.916999999999943 0.5916908299999943
1.9179999999999429 0.5917908199999943
1.9189999999999428 0.5918908099999942
1.9199999999999426 0.5919907999999943
1.9209999999999425 0.5920907899999942
1.9219999999999424 0.5921907799999941
1.9229999999999423 0.5922907699999942
1.9239999999999422 0.5923907599999942
1.924999999999942 0.5924907499999942
1.925999999999942 0.5925907399999941
1.9269999999999419 0.5926907299999942
1.9279999999999418 0.5927907199999942
1.9289999999999417 0.5928907099999942
1.9299999999999415 0.5929906999999941
1.9309999999999414 0.5930906899999941
1.9319999999999413 0.5931906799999941
1.9329999999999412 0.593290669999994
1.933999999999941 0.5933906599999941
1.934999999999941 0.5934906499999941
1.9359999999999409 0.5935906399999941
1.9369999999999408 0.593690629999994
1.9379999999999407 0.593790619999994
1.9389999999999405 0.5938906099999941
1.9399999999999404 0.593990599999994
1.9409999999999403 0.594090589999994
1.9419999999999402 0.594190579999994
1.94299999999994 0.594290569999994
1.94399999999994 0.5943905599999939
1.9449999999999399 0.594490549999994
1.9459999999999398 0.594590539999994
1.9469999999999397 0.5946905299999939
1.9479999999999396 0.5947905199999939
1.9489999999999394 0.5948905099999939
1.9499999999999393 0.594990499999994
1.9509999999999392 0.5950904899999938
1.9519999999999391 0.5951904799999939
1.952999999999939 0.5952904699999939
1.953999999999939 0.5953904599999938
1.9549999999999388 0.5954904499999938
1.9559999999999387 0.5955904399999938
1.9569999999999386 0.5956904299999939
1.9579999999999385 0.5957904199999938
1.9589999999999383 0.5958904099999938
1.9599999999999382 0.5959903999999938
1.9609999999999381 0.5960903899999939
1.961999999999938 0.5961903799999937
1.962999999999938 0.5962903699999937
1.9639999999999378 0.5963903599999938
1.9649999999999377 0.5964903499999937
1.9659999999999376 0.5965903399999937
1.9669999999999375 0.5966903299999937
1.9679999999999374 0.5967903199999938
1.9689999999999372 0.5968903099999937
1.9699999999999371 0.5969902999999936
1.970999999999937 0.5970902899999937
1.971999999999937 0.5971902799999936
1.9729999999999368 0.5972902699999936
1.9739999999999367 0.5973902599999936
1.9749999999999366 0.5974902499999937
1.9759999999999365 0.5975902399999936
1.9769999999999364 0.5976902299999935
1.9779999999999363 0.5977902199999936
1.9789999999999361 0.5978902099999936
1.979999999999936 0.5979901999999936
1.980999999999936 0.5980901899999935
1.9819999999999358 0.5981901799999936
1.9829999999999357 0.5982901699999935
1.9839999999999356 0.5983901599999935
1.9849999999999355 0.5984901499999935
1.9859999999999354 0.5985901399999936
1.9869999999999353 0.5986901299999935
1.9879999999999352 0.5987901199999934
1.988999999999935 0.5988901099999935
1.989999999999935 0.5989900999999935
1.9909999999999348 0.5990900899999935
1.9919999999999347 0.5991900799999934
1.9929999999999346 0.5992900699999935
1.9939999999999345 0.5993900599999934
1.9949999999999344 0.5994900499999933
1.9959999999999343 0.5995900399999934
1.9969999999999342 0.5996900299999934
1.997999999999934 0.5997900199999934
1.998999999999934 0.5998900099999933
1.9999999999999338 0.5999899999999934
2.0009999999999337 0.6000899899999934
2.0019999999999336 0.6001899799999934
2.0029999999999335 0.6002899699999933
2.0039999999999334 0.6003899599999933
2.0049999999999333 0.6004899499999933
2.005999999999933 0.6005899399999932
2.006999999999933 0.6006899299999933
2.007999999999933 0.6007899199999933
2.008999999999933 0.6008899099999933
2.0099999999999327 0.6009898999999932
2.0109999999999326 0.6010898899999932
2.0119999999999325 0.6011898799999933
2.0129999999999324 0.6012898699999932
2.0139999999999323 0.6013898599999932
2.014999999999932 0.6014898499999932
2.015999999999932 0.6015898399999932
2.016999999999932 0.6016898299999931
2.017999999999932 0.6017898199999931
2.0189999999999317 0.6018898099999932
2.0199999999999316 0.6019897999999931
2.0209999999999315 0.6020897899999931
2.0219999999999314 0.6021897799999931
2.0229999999999313 0.6022897699999932
2.023999999999931 0.6023897599999931
2.024999999999931 0.602489749999993
2.025999999999931 0.6025897399999931
2.026999999999931 0.602689729999993
2.0279999999999307 0.602789719999993
2.0289999999999306 0.602889709999993
2.0299999999999305 0.6029896999999931
2.0309999999999304 0.603089689999993
2.0319999999999303 0.603189679999993
2.03299999999993 0.603289669999993
2.03399999999993 0.603389659999993
2.03499999999993 0.6034896499999929
2.03599999999993 0.6035896399999929
2.0369999999999298 0.603689629999993
2.0379999999999296 0.6037896199999929
2.0389999999999295 0.6038896099999929
2.0399999999999294 0.6039895999999929
2.0409999999999293 0.604089589999993
2.041999999999929 0.6041895799999929
2.042999999999929 0.6042895699999928
2.043999999999929 0.6043895599999929
2.044999999999929 0.6044895499999929
2.0459999999999288 0.6045895399999928
2.0469999999999287 0.6046895299999928
2.0479999999999285 0.6047895199999929
2.0489999999999284 0.6048895099999928
2.0499999999999283 0.6049894999999927
2.050999999999928 0.6050894899999928
2.051999999999928 0.6051894799999928
2.052999999999928 0.6052894699999928
2.053999999999928 0.6053894599999927
2.0549999999999278 0.6054894499999928
2.0559999999999277 0.6055894399999927
2.0569999999999276 0.6056894299999926
2.0579999999999274 0.6057894199999927
2.0589999999999273 0.6058894099999927
2.0599999999999272 0.6059893999999927
2.060999999999927 0.6060893899999926
2.061999999999927 0.6061893799999927
2.062999999999927 0.6062893699999927
2.063999999999927 0.6063893599999927
2.0649999999999267 0.6064893499999926
2.0659999999999266 0.6065893399999926
2.0669999999999265 0.6066893299999926
2.0679999999999263 0.6067893199999925
2.0689999999999262 0.6068893099999926
2.069999999999926 0.6069892999999926
2.070999999999926 0.6070892899999926
2.071999999999926 0.6071892799999925
2.072999999999926 0.6072892699999926
2.0739999999999257 0.6073892599999926
2.0749999999999256 0.6074892499999925
2.0759999999999255 0.6075892399999925
2.0769999999999254 0.6076892299999925
2.0779999999999252 0.6077892199999925
2.078999999999925 0.6078892099999924
2.079999999999925 0.6079891999999925
2.080999999999925 0.6080891899999925
2.081999999999925 0.6081891799999924
2.0829999999999247 0.6082891699999924
2.0839999999999246 0.6083891599999924
2.0849999999999245 0.6084891499999925
2.0859999999999244 0.6085891399999924
2.0869999999999242 0.6086891299999924
2.087999999999924 0.6087891199999924
2.088999999999924 0.6088891099999924
2.089999999999924 0.6089890999999923
2.090999999999924 0.6090890899999923
2.0919999999999237 0.6091890799999924
2.0929999999999236 0.6092890699999923
2.0939999999999235 0.6093890599999923
2.0949999999999234 0.6094890499999923
2.0959999999999233 0.6095890399999924
2.096999999999923 0.6096890299999923
2.097999999999923 0.6097890199999922
2.098999999999923 0.6098890099999923
2.099999999999923 0.6099889999999922
2.1009999999999227 0.6100889899999922
2.1019999999999226 0.6101889799999922
2.1029999999999225 0.6102889699999923
2.1039999999999224 0.6103889599999922
2.1049999999999223 0.6104889499999921
2.105999999999922 0.6105889399999922
2.106999999999922 0.6106889299999922
2.107999999999922 0.6107889199999922
2.108999999999922 0.6108889099999921
2.1099999999999217 0.6109888999999922
2.1109999999999216 0.6110888899999921
2.1119999999999215 0.611188879999992
2.1129999999999214 0.6112888699999921
2.1139999999999213 0.6113888599999922
2.114999999999921 0.6114888499999921
2.115999999999921 0.611588839999992
2.116999999999921 0.6116888299999921
2.117999999999921 0.6117888199999921
2.1189999999999207 0.611888809999992
2.1199999999999206 0.611988799999992
2.1209999999999205 0.6120887899999921
2.1219999999999204 0.612188779999992
2.1229999999999203 0.6122887699999919
2.12399999999992 0.612388759999992
2.12499999999992 0.612488749999992
2.12599999999992 0.612588739999992
2.12699999999992 0.6126887299999919
2.1279999999999197 0.612788719999992
2.1289999999999196 0.612888709999992
2.1299999999999195 0.6129886999999918
2.1309999999999194 0.6130886899999919
2.1319999999999193 0.6131886799999919
2.132999999999919 0.6132886699999919
2.133999999999919 0.6133886599999918
2.134999999999919 0.6134886499999919
2.135999999999919 0.6135886399999919
2.1369999999999187 0.6136886299999919
2.1379999999999186 0.6137886199999918
2.1389999999999185 0.6138886099999918
2.1399999999999184 0.6139885999999918
2.1409999999999183 0.6140885899999917
2.141999999999918 0.6141885799999918
2.142999999999918 0.6142885699999918
2.143999999999918 0.6143885599999918
2.144999999999918 0.6144885499999917
2.1459999999999178 0.6145885399999917
2.1469999999999176 0.6146885299999918
2.1479999999999175 0.6147885199999917
2.1489999999999174 0.6148885099999917
2.1499999999999173 0.6149884999999917
2.150999999999917 0.6150884899999917
2.151999999999917 0.6151884799999916
2.152999999999917 0.6152884699999916
2.153999999999917 0.6153884599999917
2.1549999999999168 0.6154884499999916
2.1559999999999166 0.6155884399999916
2.1569999999999165 0.6156884299999916
2.1579999999999164 0.6157884199999917
2.1589999999999163 0.6158884099999916
2.159999999999916 0.6159883999999916
2.160999999999916 0.6160883899999916
2.161999999999916 0.6161883799999915
2.162999999999916 0.6162883699999915
2.1639999999999158 0.6163883599999915
2.1649999999999157 0.6164883499999916
2.1659999999999155 0.6165883399999915
2.1669999999999154 0.6166883299999915
2.1679999999999153 0.6167883199999915
2.168999999999915 0.6168883099999916
2.169999999999915 0.6169882999999915
2.170999999999915 0.6170882899999914
2.171999999999915 0.6171882799999915
2.1729999999999148 0.6172882699999914
2.1739999999999147 0.6173882599999914
2.1749999999999146 0.6174882499999914
2.1759999999999144 0.6175882399999915
2.1769999999999143 0.6176882299999914
2.1779999999999142 0.6177882199999913
2.178999999999914 0.6178882099999914
2.179999999999914 0.6179881999999914
2.180999999999914 0.6180881899999914
2.181999999999914 0.6181881799999913
2.1829999999999137 0.6182881699999914
2.1839999999999136 0.6183881599999913
2.1849999999999135 0.6184881499999912
2.1859999999999133 0.6185881399999913
2.1869999999999132 0.6186881299999913
2.187999999999913 0.6187881199999913
2.188999999999913 0.6188881099999912
2.189999999999913 0.6189880999999913
2.190999999999913 0.6190880899999913
2.1919999999999127 0.6191880799999911
2.1929999999999126 0.6192880699999912
2.1939999999999125 0.6193880599999912
2.1949999999999124 0.6194880499999912
2.1959999999999122 0.6195880399999911
2.196999999999912 0.6196880299999912
2.197999999999912 0.6197880199999912
2.198999999999912 0.6198880099999912
2.199999999999912 0.6199879999999911
2.2009999999999117 0.6200879899999912
2.2019999999999116 0.6201879799999912
2.2029999999999115 0.620287969999991
2.2039999999999114 0.6203879599999911
2.2049999999999113 0.6204879499999911
2.205999999999911 0.6205879399999911
2.206999999999911 0.620687929999991
2.207999999999911 0.6207879199999911
2.208999999999911 0.6208879099999911
2.2099999999999107 0.620987899999991
2.2109999999999106 0.621087889999991
2.2119999999999105 0.621187879999991
2.2129999999999104 0.621287869999991
2.2139999999999103 0.6213878599999909
2.21499999999991 0.621487849999991
2.21599999999991 0.621587839999991
2.21699999999991 0.621687829999991
2.21799999999991 0.6217878199999909
2.2189999999999097 0.6218878099999909
2.2199999999999096 0.621987799999991
2.2209999999999095 0.6220877899999909
2.2219999999999094 0.6221877799999909
2.2229999999999093 0.6222877699999909
2.223999999999909 0.6223877599999909
2.224999999999909 0.6224877499999908
2.225999999999909 0.6225877399999908
2.226999999999909 0.6226877299999909
2.2279999999999087 0.6227877199999908
2.2289999999999086 0.6228877099999908
2.2299999999999085 0.6229876999999908
2.2309999999999084 0.6230876899999909
2.2319999999999083 0.6231876799999908
2.232999999999908 0.6232876699999907
2.233999999999908 0.6233876599999908
2.234999999999908 0.6234876499999907
2.235999999999908 0.6235876399999907
2.2369999999999077 0.6236876299999907
2.2379999999999076 0.6237876199999908
2.2389999999999075 0.6238876099999907
2.2399999999999074 0.6239875999999906
2.2409999999999073 0.6240875899999907
2.241999999999907 0.6241875799999907
2.242999999999907 0.6242875699999907
2.243999999999907 0.6243875599999906
2.244999999999907 0.6244875499999907
2.2459999999999067 0.6245875399999906
2.2469999999999066 0.6246875299999906
2.2479999999999065 0.6247875199999906
2.2489999999999064 0.6248875099999907
2.2499999999999063 0.6249874999999906
2.250999999999906 0.6250874899999905
2.251999999999906 0.6251874799999906
2.252999999999906 0.6252874699999905
2.253999999999906 0.6253874599999906
2.2549999999999057 0.6254874499999905
2.2559999999999056 0.6255874399999906
2.2569999999999055 0.6256874299999905
2.2579999999999054 0.6257874199999905
2.2589999999999053 0.6258874099999905
2.259999999999905 0.6259873999999905
2.260999999999905 0.6260873899999905
2.261999999999905 0.6261873799999904
2.262999999999905 0.6262873699999905
2.2639999999999048 0.6263873599999904
2.2649999999999046 0.6264873499999905
2.2659999999999045 0.6265873399999904
2.2669999999999044 0.6266873299999904
2.2679999999999043 0.6267873199999904
2.268999999999904 0.6268873099999904
2.269999999999904 0.6269872999999904
2.270999999999904 0.6270872899999903
2.271999999999904 0.6271872799999904
2.2729999999999038 0.6272872699999903
2.2739999999999037 0.6273872599999903
2.2749999999999035 0.6274872499999903
2.2759999999999034 0.6275872399999903
2.2769999999999033 0.6276872299999903
2.277999999999903 0.6277872199999903
2.278999999999903 0.6278872099999903
2.279999999999903 0.6279871999999903
2.280999999999903 0.6280871899999902
2.2819999999999028 0.6281871799999902
2.2829999999999027 0.6282871699999902
2.2839999999999026 0.6283871599999902
2.2849999999999024 0.6284871499999902
2.2859999999999023 0.6285871399999902
2.2869999999999022 0.6286871299999902
2.287999999999902 0.6287871199999902
2.288999999999902 0.6288871099999902
2.289999999999902 0.6289870999999901
2.290999999999902 0.6290870899999902
2.2919999999999017 0.6291870799999901
2.2929999999999016 0.6292870699999901
2.2939999999999015 0.6293870599999901
2.2949999999999013 0.6294870499999901
2.2959999999999012 0.6295870399999901
2.296999999999901 0.62968702999999
2.297999999999901 0.6297870199999901
2.298999999999901 0.62988700999999
2.299999999999901 0.6299869999999901
2.3009999999999007 0.63008698999999
2.3019999999999006 0.6301869799999901
2.3029999999999005 0.63028696999999
2.3039999999999003 0.63038695999999
2.3049999999999002 0.63048694999999
2.3059999999999 0.6305869399999899
2.3069999999999 0.63068692999999
2.3079999999999 0.6307869199999899
2.3089999999999 0.63088690999999
2.3099999999998997 0.6309868999999899
2.3109999999998996 0.63108688999999
2.3119999999998995 0.6311868799999899
2.3129999999998994 0.6312868699999898
2.3139999999998992 0.6313868599999899
2.314999999999899 0.6314868499999898
2.315999999999899 0.6315868399999899
2.316999999999899 0.6316868299999898
2.317999999999899 0.6317868199999899
2.3189999999998987 0.6318868099999898
2.3199999999998986 0.6319867999999899
2.3209999999998985 0.6320867899999898
2.3219999999998984 0.6321867799999898
2.3229999999998983 0.6322867699999898
2.323999999999898 0.6323867599999897
2.324999999999898 0.6324867499999898
2.325999999999898 0.6325867399999897
2.326999999999898 0.6326867299999898
2.3279999999998977 0.6327867199999897
2.3289999999998976 0.6328867099999897
2.3299999999998975 0.6329866999999897
2.3309999999998974 0.6330866899999897
2.3319999999998973 0.6331866799999897
2.332999999999897 0.6332866699999897
2.333999999999897 0.6333866599999897
2.334999999999897 0.6334866499999896
2.335999999999897 0.6335866399999897
2.3369999999998967 0.6336866299999896
2.3379999999998966 0.6337866199999896
2.3389999999998965 0.6338866099999896
2.3399999999998964 0.6339865999999896
2.3409999999998963 0.6340865899999896
2.341999999999896 0.6341865799999896
2.342999999999896 0.6342865699999896
2.343999999999896 0.6343865599999896
2.344999999999896 0.6344865499999895
2.3459999999998957 0.6345865399999895
2.3469999999998956 0.6346865299999895
2.3479999999998955 0.6347865199999895
2.3489999999998954 0.6348865099999895
2.3499999999998953 0.6349864999999895
2.350999999999895 0.6350864899999895
2.351999999999895 0.6351864799999895
2.352999999999895 0.6352864699999895
2.353999999999895 0.6353864599999894
2.3549999999998947 0.6354864499999894
2.3559999999998946 0.6355864399999894
2.3569999999998945 0.6356864299999894
2.3579999999998944 0.6357864199999894
2.3589999999998943 0.6358864099999894
2.359999999999894 0.6359863999999894
2.360999999999894 0.6360863899999893
2.361999999999894 0.6361863799999894
2.362999999999894 0.6362863699999893
2.3639999999998937 0.6363863599999894
2.3649999999998936 0.6364863499999893
2.3659999999998935 0.6365863399999893
2.3669999999998934 0.6366863299999893
2.3679999999998933 0.6367863199999892
2.368999999999893 0.6368863099999893
2.369999999999893 0.6369862999999892
2.370999999999893 0.6370862899999893
2.371999999999893 0.6371862799999892
2.3729999999998928 0.6372862699999893
2.3739999999998926 0.6373862599999892
2.3749999999998925 0.6374862499999893
2.3759999999998924 0.6375862399999892
2.3769999999998923 0.6376862299999891
2.377999999999892 0.6377862199999892
2.378999999999892 0.6378862099999891
2.379999999999892 0.6379861999999892
2.380999999999892 0.6380861899999891
2.3819999999998918 0.6381861799999892
2.3829999999998916 0.6382861699999891
2.3839999999998915 0.6383861599999892
2.3849999999998914 0.6384861499999891
2.3859999999998913 0.638586139999989
2.386999999999891 0.6386861299999891
2.387999999999891 0.638786119999989
2.388999999999891 0.6388861099999891
2.389999999999891 0.638986099999989
2.3909999999998908 0.6390860899999891
2.3919999999998907 0.639186079999989
2.3929999999998905 0.639286069999989
2.3939999999998904 0.639386059999989
2.3949999999998903 0.639486049999989
2.39599999999989 0.639586039999989
2.39699999999989 0.6396860299999889
2.39799999999989 0.639786019999989
2.39899999999989 0.6398860099999889
2.3999999999998898 0.639985999999989
2.4009999999998897 0.6400859899999889
2.4019999999998896 0.6401859799999889
2.4029999999998894 0.6402859699999889
2.4039999999998893 0.6403859599999889
2.4049999999998892 0.6404859499999889
2.405999999999889 0.6405859399999889
2.406999999999889 0.6406859299999889
2.407999999999889 0.6407859199999888
2.408999999999889 0.6408859099999888
2.4099999999998887 0.6409858999999888
2.4109999999998886 0.6410858899999888
2.4119999999998885 0.6411858799999888
2.4129999999998883 0.6412858699999888
2.4139999999998882 0.6413858599999888
2.414999999999888 0.6414858499999888
2.415999999999888 0.6415858399999887
2.416999999999888 0.6416858299999888
2.417999999999888 0.6417858199999887
2.4189999999998877 0.6418858099999887
2.4199999999998876 0.6419857999999887
2.4209999999998875 0.6420857899999887
2.4219999999998874 0.6421857799999887
2.4229999999998872 0.6422857699999887
2.423999999999887 0.6423857599999887
2.424999999999887 0.6424857499999886
2.425999999999887 0.6425857399999887
2.426999999999887 0.6426857299999886
2.4279999999998867 0.6427857199999886
2.4289999999998866 0.6428857099999886
2.4299999999998865 0.6429856999999886
2.4309999999998864 0.6430856899999886
2.4319999999998863 0.6431856799999885
2.432999999999886 0.6432856699999886
2.433999999999886 0.6433856599999885
2.434999999999886 0.6434856499999886
2.435999999999886 0.6435856399999885
2.4369999999998857 0.6436856299999886
2.4379999999998856 0.6437856199999885
2.4389999999998855 0.6438856099999885
2.4399999999998854 0.6439855999999885
2.4409999999998853 0.6440855899999884
2.441999999999885 0.6441855799999885
2.442999999999885 0.6442855699999884
2.443999999999885 0.6443855599999885
2.444999999999885 0.6444855499999884
2.4459999999998847 0.6445855399999885
2.4469999999998846 0.6446855299999884
2.4479999999998845 0.6447855199999885
2.4489999999998844 0.6448855099999884
2.4499999999998843 0.6449854999999883
2.450999999999884 0.6450854899999884
2.451999999999884 0.6451854799999883
2.452999999999884 0.6452854699999884
2.453999999999884 0.6453854599999883
2.4549999999998837 0.6454854499999884
2.4559999999998836 0.6455854399999883
2.4569999999998835 0.6456854299999883
2.4579999999998834 0.6457854199999883
2.4589999999998833 0.6458854099999883
2.459999999999883 0.6459853999999883
2.460999999999883 0.6460853899999882
2.461999999999883 0.6461853799999883
2.462999999999883 0.6462853699999882
2.4639999999998827 0.6463853599999883
2.4649999999998826 0.6464853499999882
2.4659999999998825 0.6465853399999882
2.4669999999998824 0.6466853299999882
2.4679999999998823 0.6467853199999882
2.468999999999882 0.6468853099999882
2.469999999999882 0.6469852999999881
2.470999999999882 0.6470852899999882
2.471999999999882 0.6471852799999881
2.4729999999998817 0.6472852699999881
2.4739999999998816 0.6473852599999881
2.4749999999998815 0.6474852499999881
2.4759999999998814 0.6475852399999881
2.4769999999998813 0.6476852299999881
2.477999999999881 0.6477852199999881
2.478999999999881 0.6478852099999881
2.479999999999881 0.647985199999988
2.480999999999881 0.648085189999988
2.4819999999998807 0.648185179999988
2.4829999999998806 0.648285169999988
2.4839999999998805 0.648385159999988
2.4849999999998804 0.648485149999988
2.4859999999998803 0.648585139999988
2.48699999999988 0.648685129999988
2.48799999999988 0.648785119999988
2.48899999999988 0.6488851099999879
2.48999999999988 0.648985099999988
2.4909999999998798 0.6490850899999879
2.4919999999998796 0.6491850799999879
2.4929999999998795 0.6492850699999879
2.4939999999998794 0.6493850599999879
2.4949999999998793 0.6494850499999879
2.495999999999879 0.6495850399999878
2.496999999999879 0.6496850299999879
2.497999999999879 0.6497850199999878
2.498999999999879 0.6498850099999879
2.4999999999998788 0.6499849999999878
2.5009999999998787 0.6500849899999879
2.5019999999998785 0.6501849799999878
2.5029999999998784 0.6502849699999877
2.5039999999998783 0.6503849599999878
2.504999999999878 0.6504849499999877
2.505999999999878 0.6505849399999878
2.506999999999878 0.6506849299999877
2.507999999999878 0.6507849199999878
2.5089999999998778 0.6508849099999877
2.5099999999998777 0.6509848999999878
2.5109999999998776 0.6510848899999877
2.5119999999998774 0.6511848799999876
2.5129999999998773 0.6512848699999877
2.513999999999877 0.6513848599999876
2.514999999999877 0.6514848499999877
2.515999999999877 0.6515848399999876
2.516999999999877 0.6516848299999877
2.517999999999877 0.6517848199999876
2.5189999999998767 0.6518848099999877
2.5199999999998766 0.6519847999999876
2.5209999999998765 0.6520847899999876
2.5219999999998763 0.6521847799999876
2.5229999999998762 0.6522847699999875
2.523999999999876 0.6523847599999876
2.524999999999876 0.6524847499999875
2.525999999999876 0.6525847399999876
2.526999999999876 0.6526847299999875
2.5279999999998757 0.6527847199999876
2.5289999999998756 0.6528847099999875
2.5299999999998755 0.6529846999999875
2.5309999999998753 0.6530846899999875
2.5319999999998752 0.6531846799999875
2.532999999999875 0.6532846699999875
2.533999999999875 0.6533846599999874
2.534999999999875 0.6534846499999875
2.535999999999875 0.6535846399999874
2.5369999999998747 0.6536846299999874
2.5379999999998746 0.6537846199999874
2.5389999999998745 0.6538846099999874
2.5399999999998744 0.6539845999999874
2.5409999999998742 0.6540845899999874
2.541999999999874 0.6541845799999874
2.542999999999874 0.6542845699999874
2.543999999999874 0.6543845599999873
2.544999999999874 0.6544845499999873
2.5459999999998737 0.6545845399999873
2.5469999999998736 0.6546845299999873
2.5479999999998735 0.6547845199999873
2.5489999999998734 0.6548845099999873
2.5499999999998733 0.6549844999999873
2.550999999999873 0.6550844899999873
2.551999999999873 0.6551844799999873
2.552999999999873 0.6552844699999872
2.553999999999873 0.6553844599999872
2.5549999999998727 0.6554844499999872
2.5559999999998726 0.6555844399999872
2.5569999999998725 0.6556844299999872
2.5579999999998724 0.6557844199999872
2.5589999999998723 0.6558844099999872
2.559999999999872 0.6559843999999871
2.560999999999872 0.6560843899999872
2.561999999999872 0.6561843799999871
2.562999999999872 0.6562843699999872
2.5639999999998717 0.6563843599999871
2.5649999999998716 0.6564843499999871
2.5659999999998715 0.6565843399999871
2.5669999999998714 0.656684329999987
2.5679999999998713 0.6567843199999871
2.568999999999871 0.656884309999987
2.569999999999871 0.6569842999999871
2.570999999999871 0.657084289999987
2.571999999999871 0.6571842799999871
2.5729999999998707 0.657284269999987
2.5739999999998706 0.6573842599999871
2.5749999999998705 0.657484249999987
2.5759999999998704 0.6575842399999869
2.5769999999998703 0.657684229999987
2.57799999999987 0.6577842199999869
2.57899999999987 0.657884209999987
2.57999999999987 0.6579841999999869
2.58099999999987 0.658084189999987
2.5819999999998697 0.6581841799999869
2.5829999999998696 0.658284169999987
2.5839999999998695 0.6583841599999869
2.5849999999998694 0.658484149999987
2.5859999999998693 0.6585841399999869
2.586999999999869 0.6586841299999868
2.587999999999869 0.6587841199999869
2.588999999999869 0.6588841099999868
2.589999999999869 0.6589840999999869
2.5909999999998687 0.6590840899999868
2.5919999999998686 0.6591840799999868
2.5929999999998685 0.6592840699999868
2.5939999999998684 0.6593840599999868
2.5949999999998683 0.6594840499999868
2.595999999999868 0.6595840399999867
2.596999999999868 0.6596840299999868
2.597999999999868 0.6597840199999867
2.598999999999868 0.6598840099999868
2.5999999999998678 0.6599839999999867
2.6009999999998676 0.6600839899999867
2.6019999999998675 0.6601839799999867
2.6029999999998674 0.6602839699999867
2.6039999999998673 0.6603839599999867
2.604999999999867 0.6604839499999867
2.605999999999867 0.6605839399999867
2.606999999999867 0.6606839299999866
2.607999999999867 0.6607839199999866
2.6089999999998668 0.6608839099999866
2.6099999999998666 0.6609838999999866
2.6109999999998665 0.6610838899999866
2.6119999999998664 0.6611838799999866
2.6129999999998663 0.6612838699999866
2.613999999999866 0.6613838599999866
2.614999999999866 0.6614838499999866
2.615999999999866 0.6615838399999866
2.616999999999866 0.6616838299999865
2.6179999999998658 0.6617838199999865
2.6189999999998657 0.6618838099999865
2.6199999999998655 0.6619837999999865
2.6209999999998654 0.6620837899999865
2.6219999999998653 0.6621837799999865
2.622999999999865 0.6622837699999865
2.623999999999865 0.6623837599999864
2.624999999999865 0.6624837499999865
2.625999999999865 0.6625837399999864
2.6269999999998648 0.6626837299999865
2.6279999999998647 0.6627837199999864
2.6289999999998646 0.6628837099999864
2.6299999999998644 0.6629836999999864
2.6309999999998643 0.6630836899999863
2.6319999999998642 0.6631836799999864
2.632999999999864 0.6632836699999863
2.633999999999864 0.6633836599999864
2.634999999999864 0.6634836499999863
2.635999999999864 0.6635836399999864
2.6369999999998637 0.6636836299999863
2.6379999999998636 0.6637836199999863
2.6389999999998635 0.6638836099999863
2.6399999999998633 0.6639835999999862
2.6409999999998632 0.6640835899999863
2.641999999999863 0.6641835799999862
2.642999999999863 0.6642835699999863
2.643999999999863 0.6643835599999862
2.644999999999863 0.6644835499999863
2.6459999999998627 0.6645835399999862
2.6469999999998626 0.6646835299999863
2.6479999999998625 0.6647835199999862
2.6489999999998624 0.6648835099999861
2.6499999999998622 0.6649834999999862
2.650999999999862 0.6650834899999861
2.651999999999862 0.6651834799999862
2.652999999999862 0.6652834699999861
2.653999999999862 0.6653834599999862
2.6549999999998617 0.6654834499999861
2.6559999999998616 0.6655834399999861
2.6569999999998615 0.6656834299999861
2.6579999999998614 0.6657834199999861
2.6589999999998613 0.6658834099999861
2.659999999999861 0.665983399999986
2.660999999999861 0.6660833899999861
2.661999999999861 0.666183379999986
2.662999999999861 0.666283369999986
2.6639999999998607 0.666383359999986
2.6649999999998606 0.666483349999986
2.6659999999998605 0.666583339999986
2.6669999999998604 0.666683329999986
2.6679999999998603 0.666783319999986
2.66899999999986 0.666883309999986
2.66999999999986 0.666983299999986
2.67099999999986 0.6670832899999859
2.67199999999986 0.667183279999986
2.6729999999998597 0.6672832699999859
2.6739999999998596 0.6673832599999859
2.6749999999998595 0.6674832499999859
2.6759999999998594 0.6675832399999859
2.6769999999998593 0.6676832299999859
2.677999999999859 0.6677832199999859
2.678999999999859 0.6678832099999858
2.679999999999859 0.6679831999999858
2.680999999999859 0.6680831899999858
2.6819999999998587 0.6681831799999858
2.6829999999998586 0.6682831699999858
2.6839999999998585 0.6683831599999858
2.6849999999998584 0.6684831499999858
2.6859999999998583 0.6685831399999858
2.686999999999858 0.6686831299999858
2.687999999999858 0.6687831199999857
2.688999999999858 0.6688831099999858
2.689999999999858 0.6689830999999857
2.6909999999998577 0.6690830899999857
2.6919999999998576 0.6691830799999857
2.6929999999998575 0.6692830699999857
2.6939999999998574 0.6693830599999857
2.6949999999998573 0.6694830499999856
2.695999999999857 0.6695830399999857
2.696999999999857 0.6696830299999856
2.697999999999857 0.6697830199999857
2.698999999999857 0.6698830099999856
2.6999999999998567 0.6699829999999857
2.7009999999998566 0.6700829899999856
2.7019999999998565 0.6701829799999856
2.7029999999998564 0.6702829699999856
2.7039999999998563 0.6703829599999855
2.704999999999856 0.6704829499999856
2.705999999999856 0.6705829399999855
2.706999999999856 0.6706829299999856
2.707999999999856 0.6707829199999855
2.7089999999998557 0.6708829099999856
2.7099999999998556 0.6709828999999855
2.7109999999998555 0.6710828899999854
2.7119999999998554 0.6711828799999855
2.7129999999998553 0.6712828699999854
2.713999999999855 0.6713828599999855
2.714999999999855 0.6714828499999854
2.715999999999855 0.6715828399999855
2.716999999999855 0.6716828299999854
2.7179999999998548 0.6717828199999855
2.7189999999998546 0.6718828099999854
2.7199999999998545 0.6719827999999854
2.7209999999998544 0.6720827899999854
2.7219999999998543 0.6721827799999853
2.722999999999854 0.6722827699999854
2.723999999999854 0.6723827599999853
2.724999999999854 0.6724827499999854
2.725999999999854 0.6725827399999853
2.7269999999998538 0.6726827299999854
2.7279999999998537 0.6727827199999853
2.7289999999998535 0.6728827099999853
2.7299999999998534 0.6729826999999853
2.7309999999998533 0.6730826899999853
2.731999999999853 0.6731826799999853
2.732999999999853 0.6732826699999852
2.733999999999853 0.6733826599999853
2.734999999999853 0.6734826499999852
2.7359999999998528 0.6735826399999852
2.7369999999998527 0.6736826299999852
2.7379999999998526 0.6737826199999852
2.7389999999998524 0.6738826099999852
2.7399999999998523 0.6739825999999852
2.740999999999852 0.6740825899999852
2.741999999999852 0.6741825799999852
2.742999999999852 0.6742825699999851
2.743999999999852 0.6743825599999851
2.744999999999852 0.6744825499999851
2.7459999999998517 0.6745825399999851
2.7469999999998516 0.6746825299999851
2.7479999999998515 0.6747825199999851
2.7489999999998513 0.6748825099999851
2.7499999999998512 0.674982499999985
2.750999999999851 0.6750824899999851
2.751999999999851 0.675182479999985
2.752999999999851 0.675282469999985
2.753999999999851 0.675382459999985
2.7549999999998507 0.675482449999985
2.7559999999998506 0.675582439999985
2.7569999999998505 0.675682429999985
2.7579999999998503 0.675782419999985
2.7589999999998502 0.675882409999985
2.75999999999985 0.675982399999985
2.76099999999985 0.6760823899999849
2.76199999999985 0.676182379999985
2.76299999999985 0.6762823699999849
2.7639999999998497 0.6763823599999849
2.7649999999998496 0.6764823499999849
2.7659999999998495 0.6765823399999848
2.7669999999998494 0.6766823299999849
2.7679999999998492 0.6767823199999848
2.768999999999849 0.6768823099999849
2.769999999999849 0.6769822999999848
2.770999999999849 0.6770822899999849
2.771999999999849 0.6771822799999848
2.7729999999998487 0.6772822699999849
2.7739999999998486 0.6773822599999848
2.7749999999998485 0.6774822499999847
2.7759999999998484 0.6775822399999848
2.7769999999998483 0.6776822299999847
2.777999999999848 0.6777822199999848
2.778999999999848 0.6778822099999847
2.779999999999848 0.6779821999999848
2.780999999999848 0.6780821899999847
2.7819999999998477 0.6781821799999848
2.7829999999998476 0.6782821699999847
2.7839999999998475 0.6783821599999847
2.7849999999998474 0.6784821499999847
2.7859999999998473 0.6785821399999846
2.786999999999847 0.6786821299999847
2.787999999999847 0.6787821199999846
2.788999999999847 0.6788821099999847
2.789999999999847 0.6789820999999846
2.7909999999998467 0.6790820899999847
2.7919999999998466 0.6791820799999846
2.7929999999998465 0.6792820699999846
2.7939999999998464 0.6793820599999846
2.7949999999998463 0.6794820499999845
2.795999999999846 0.6795820399999846
2.796999999999846 0.6796820299999845
2.797999999999846 0.6797820199999846
2.798999999999846 0.6798820099999845
2.7999999999998457 0.6799819999999845
2.8009999999998456 0.6800819899999845
2.8019999999998455 0.6801819799999845
2.8029999999998454 0.6802819699999845
2.8039999999998453 0.6803819599999845
2.804999999999845 0.6804819499999845
2.805999999999845 0.6805819399999844
2.806999999999845 0.6806819299999844
2.807999999999845 0.6807819199999844
2.8089999999998447 0.6808819099999844
2.8099999999998446 0.6809818999999844
2.8109999999998445 0.6810818899999844
2.8119999999998444 0.6811818799999844
2.8129999999998443 0.6812818699999844
2.813999999999844 0.6813818599999844
2.814999999999844 0.6814818499999844
2.815999999999844 0.6815818399999843
2.816999999999844 0.6816818299999843
2.8179999999998437 0.6817818199999843
2.8189999999998436 0.6818818099999843
2.8199999999998435 0.6819817999999843
2.8209999999998434 0.6820817899999843
2.8219999999998433 0.6821817799999843
2.822999999999843 0.6822817699999842
2.823999999999843 0.6823817599999843
2.824999999999843 0.6824817499999842
2.825999999999843 0.6825817399999843
2.8269999999998427 0.6826817299999842
2.8279999999998426 0.6827817199999842
2.8289999999998425 0.6828817099999842
2.8299999999998424 0.6829816999999841
2.8309999999998423 0.6830816899999842
2.831999999999842 0.6831816799999841
2.832999999999842 0.6832816699999842
2.833999999999842 0.6833816599999841
2.834999999999842 0.6834816499999842
2.8359999999998418 0.6835816399999841
2.8369999999998416 0.683681629999984
2.8379999999998415 0.6837816199999841
2.8389999999998414 0.683881609999984
2.8399999999998413 0.6839815999999841
2.840999999999841 0.684081589999984
2.841999999999841 0.6841815799999841
2.842999999999841 0.684281569999984
2.843999999999841 0.6843815599999841
2.8449999999998408 0.684481549999984
2.8459999999998407 0.6845815399999841
2.8469999999998405 0.684681529999984
2.8479999999998404 0.6847815199999839
2.8489999999998403 0.684881509999984
2.84999999999984 0.6849814999999839
2.85099999999984 0.685081489999984
2.85199999999984 0.6851814799999839
2.85299999999984 0.685281469999984
2.8539999999998398 0.6853814599999839
2.8549999999998397 0.685481449999984
2.8559999999998396 0.6855814399999839
2.8569999999998394 0.6856814299999839
2.8579999999998393 0.6857814199999839
2.8589999999998392 0.6858814099999838
2.859999999999839 0.6859813999999839
2.860999999999839 0.6860813899999838
2.861999999999839 0.6861813799999839
2.862999999999839 0.6862813699999838
2.8639999999998387 0.6863813599999838
2.8649999999998386 0.6864813499999838
2.8659999999998385 0.6865813399999838
2.8669999999998383 0.6866813299999838
2.8679999999998382 0.6867813199999838
2.868999999999838 0.6868813099999838
2.869999999999838 0.6869812999999837
2.870999999999838 0.6870812899999837
2.871999999999838 0.6871812799999837
2.8729999999998377 0.6872812699999837
2.8739999999998376 0.6873812599999837
2.8749999999998375 0.6874812499999837
2.8759999999998374 0.6875812399999837
2.8769999999998372 0.6876812299999837
2.877999999999837 0.6877812199999837
2.878999999999837 0.6878812099999836
2.879999999999837 0.6879811999999836
2.880999999999837 0.6880811899999836
2.8819999999998367 0.6881811799999836
2.8829999999998366 0.6882811699999836
2.8839999999998365 0.6883811599999836
2.8849999999998364 0.6884811499999836
2.8859999999998363 0.6885811399999836
2.886999999999836 0.6886811299999835
2.887999999999836 0.6887811199999836
2.888999999999836 0.6888811099999835
2.889999999999836 0.6889810999999835
2.8909999999998357 0.6890810899999835
2.8919999999998356 0.6891810799999835
2.8929999999998355 0.6892810699999835
2.8939999999998354 0.6893810599999834
2.8949999999998353 0.6894810499999835
2.895999999999835 0.6895810399999834
2.896999999999835 0.6896810299999835
2.897999999999835 0.6897810199999834
2.898999999999835 0.6898810099999835
2.8999999999998347 0.6899809999999834
2.9009999999998346 0.6900809899999834
2.9019999999998345 0.6901809799999834
2.9029999999998344 0.6902809699999833
2.9039999999998343 0.6903809599999834
2.904999999999834 0.6904809499999833
2.905999999999834 0.6905809399999834
2.906999999999834 0.6906809299999833
2.907999999999834 0.6907809199999834
2.9089999999998337 0.6908809099999833
2.9099999999998336 0.6909808999999834
2.9109999999998335 0.6910808899999833
2.9119999999998334 0.6911808799999832
2.9129999999998333 0.6912808699999833
2.913999999999833 0.6913808599999832
2.914999999999833 0.6914808499999833
2.915999999999833 0.6915808399999832
2.916999999999833 0.6916808299999833
2.9179999999998327 0.6917808199999832
2.9189999999998326 0.6918808099999832
2.9199999999998325 0.6919807999999832
2.9209999999998324 0.6920807899999831
2.9219999999998323 0.6921807799999832
2.922999999999832 0.6922807699999831
2.923999999999832 0.6923807599999832
2.924999999999832 0.6924807499999831
2.925999999999832 0.6925807399999832
2.9269999999998317 0.6926807299999831
2.9279999999998316 0.6927807199999831
2.9289999999998315 0.6928807099999831
2.9299999999998314 0.6929806999999831
2.9309999999998313 0.6930806899999831
2.931999999999831 0.693180679999983
2.932999999999831 0.6932806699999831
2.933999999999831 0.693380659999983
2.934999999999831 0.693480649999983
2.9359999999998307 0.693580639999983
2.9369999999998306 0.693680629999983
2.9379999999998305 0.693780619999983
2.9389999999998304 0.693880609999983
2.9399999999998303 0.693980599999983
2.94099999999983 0.694080589999983
2.94199999999983 0.694180579999983
2.94299999999983 0.6942805699999829
2.94399999999983 0.6943805599999829
2.9449999999998298 0.6944805499999829
2.9459999999998296 0.6945805399999829
2.9469999999998295 0.6946805299999829
2.9479999999998294 0.6947805199999829
2.9489999999998293 0.6948805099999829
2.949999999999829 0.6949804999999829
2.950999999999829 0.6950804899999828
2.951999999999829 0.6951804799999829
2.952999999999829 0.6952804699999828
2.9539999999998288 0.6953804599999828
2.9549999999998287 0.6954804499999828
2.9559999999998285 0.6955804399999828
2.9569999999998284 0.6956804299999828
2.9579999999998283 0.6957804199999827
2.958999999999828 0.6958804099999828
2.959999999999828 0.6959803999999827
2.960999999999828 0.6960803899999828
2.961999999999828 0.6961803799999827
2.9629999999998278 0.6962803699999827
2.9639999999998277 0.6963803599999827
2.9649999999998276 0.6964803499999827
2.9659999999998274 0.6965803399999827
2.9669999999998273 0.6966803299999826
2.967999999999827 0.6967803199999827
2.968999999999827 0.6968803099999826
2.969999999999827 0.6969802999999827
2.970999999999827 0.6970802899999826
2.971999999999827 0.6971802799999827
2.9729999999998267 0.6972802699999826
2.9739999999998266 0.6973802599999825
2.9749999999998264 0.6974802499999826
2.9759999999998263 0.6975802399999825
2.9769999999998262 0.6976802299999826
2.977999999999826 0.6977802199999825
2.978999999999826 0.6978802099999826
2.979999999999826 0.6979801999999825
2.980999999999826 0.6980801899999826
2.9819999999998257 0.6981801799999825
2.9829999999998256 0.6982801699999825
2.9839999999998255 0.6983801599999825
2.9849999999998253 0.6984801499999824
2.9859999999998252 0.6985801399999825
2.986999999999825 0.6986801299999824
2.987999999999825 0.6987801199999825
2.988999999999825 0.6988801099999824
2.989999999999825 0.6989800999999825
2.9909999999998247 0.6990800899999824
2.9919999999998246 0.6991800799999824
2.9929999999998245 0.6992800699999824
2.9939999999998244 0.6993800599999824
2.9949999999998242 0.6994800499999824
2.995999999999824 0.6995800399999823
2.996999999999824 0.6996800299999824
2.997999999999824 0.6997800199999823
2.998999999999824 0.6998800099999823
2.9999999999998237 0.6999799999999823
3.0009999999998236 0.7000799899999823
3.0019999999998235 0.7001799799999823
3.0029999999998234 0.7002799699999823
3.0039999999998233 0.7003799599999823
3.004999999999823 0.7004799499999822
3.005999999999823 0.7005799399999822
3.006999999999823 0.7006799299999822
3.007999999999823 0.7007799199999822
3.0089999999998227 0.7008799099999822
3.0099999999998226 0.7009798999999822
3.0109999999998225 0.7010798899999822
3.0119999999998224 0.7011798799999822
3.0129999999998223 0.7012798699999822
3.013999999999822 0.7013798599999822
3.014999999999822 0.7014798499999821
3.015999999999822 0.7015798399999821
3.016999999999822 0.7016798299999821
3.0179999999998217 0.7017798199999821
3.0189999999998216 0.7018798099999821
3.0199999999998215 0.7019797999999821
3.0209999999998214 0.7020797899999821
3.0219999999998213 0.702179779999982
3.022999999999821 0.7022797699999821
3.023999999999821 0.702379759999982
3.024999999999821 0.7024797499999821
3.025999999999821 0.702579739999982
3.0269999999998207 0.702679729999982
3.0279999999998206 0.702779719999982
3.0289999999998205 0.702879709999982
3.0299999999998204 0.702979699999982
3.0309999999998203 0.7030796899999819
3.03199999999982 0.703179679999982
3.03299999999982 0.7032796699999819
3.03399999999982 0.703379659999982
3.03499999999982 0.7034796499999819
3.0359999999998197 0.7035796399999819
3.0369999999998196 0.7036796299999819
3.0379999999998195 0.7037796199999818
3.0389999999998194 0.7038796099999819
3.0399999999998193 0.7039795999999818
3.040999999999819 0.7040795899999819
3.041999999999819 0.7041795799999818
3.042999999999819 0.7042795699999819
3.043999999999819 0.7043795599999818
3.0449999999998187 0.7044795499999819
3.0459999999998186 0.7045795399999818
3.0469999999998185 0.7046795299999817
3.0479999999998184 0.7047795199999818
3.0489999999998183 0.7048795099999817
3.049999999999818 0.7049794999999818
3.050999999999818 0.7050794899999817
3.051999999999818 0.7051794799999818
3.052999999999818 0.7052794699999817
3.0539999999998177 0.7053794599999818
3.0549999999998176 0.7054794499999817
3.0559999999998175 0.7055794399999817
3.0569999999998174 0.7056794299999817
3.0579999999998173 0.7057794199999816
3.058999999999817 0.7058794099999817
3.059999999999817 0.7059793999999816
3.060999999999817 0.7060793899999817
3.061999999999817 0.7061793799999816
3.0629999999998168 0.7062793699999816
3.0639999999998166 0.7063793599999816
3.0649999999998165 0.7064793499999816
3.0659999999998164 0.7065793399999816
3.0669999999998163 0.7066793299999816
3.067999999999816 0.7067793199999816
3.068999999999816 0.7068793099999815
3.069999999999816 0.7069792999999815
3.070999999999816 0.7070792899999815
3.0719999999998158 0.7071792799999815
3.0729999999998157 0.7072792699999815
3.0739999999998155 0.7073792599999815
3.0749999999998154 0.7074792499999815
3.0759999999998153 0.7075792399999815
3.076999999999815 0.7076792299999815
3.077999999999815 0.7077792199999814
3.078999999999815 0.7078792099999814
3.079999999999815 0.7079791999999814
3.0809999999998148 0.7080791899999814
3.0819999999998147 0.7081791799999814
3.0829999999998146 0.7082791699999814
3.0839999999998144 0.7083791599999814
3.0849999999998143 0.7084791499999814
3.0859999999998142 0.7085791399999813
3.086999999999814 0.7086791299999814
3.087999999999814 0.7087791199999813
3.088999999999814 0.7088791099999813
3.089999999999814 0.7089790999999813
3.0909999999998137 0.7090790899999813
3.0919999999998136 0.7091790799999813
3.0929999999998135 0.7092790699999812
3.0939999999998133 0.7093790599999813
3.0949999999998132 0.7094790499999812
3.095999999999813 0.7095790399999813
3.096999999999813 0.7096790299999812
3.097999999999813 0.7097790199999813
3.098999999999813 0.7098790099999812
3.0999999999998127 0.7099789999999812
3.1009999999998126 0.7100789899999812
3.1019999999998125 0.7101789799999811
3.1029999999998124 0.7102789699999812
3.1039999999998122 0.7103789599999811
3.104999999999812 0.7104789499999812
3.105999999999812 0.7105789399999811
3.106999999999812 0.7106789299999812
3.107999999999812 0.7107789199999811
3.1089999999998117 0.7108789099999812
3.1099999999998116 0.7109788999999811
3.1109999999998115 0.711078889999981
3.1119999999998114 0.7111788799999811
3.1129999999998113 0.711278869999981
3.113999999999811 0.7113788599999811
3.114999999999811 0.711478849999981
3.115999999999811 0.7115788399999811
3.116999999999811 0.711678829999981
3.1179999999998107 0.711778819999981
3.1189999999998106 0.711878809999981
3.1199999999998105 0.7119787999999809
3.1209999999998104 0.712078789999981
3.1219999999998103 0.7121787799999809
3.12299999999981 0.712278769999981
3.12399999999981 0.7123787599999809
3.12499999999981 0.712478749999981
3.12599999999981 0.7125787399999809
3.1269999999998097 0.7126787299999809
3.1279999999998096 0.7127787199999809
3.1289999999998095 0.7128787099999809
3.1299999999998094 0.7129786999999809
3.1309999999998093 0.7130786899999808
3.131999999999809 0.7131786799999809
3.132999999999809 0.7132786699999808
3.133999999999809 0.7133786599999808
3.134999999999809 0.7134786499999808
3.1359999999998087 0.7135786399999808
3.1369999999998086 0.7136786299999808
3.1379999999998085 0.7137786199999808
3.1389999999998084 0.7138786099999808
3.1399999999998083 0.7139785999999808
3.140999999999808 0.7140785899999808
3.141999999999808 0.7141785799999807
3.142999999999808 0.7142785699999807
3.143999999999808 0.7143785599999807
3.1449999999998077 0.7144785499999807
3.1459999999998076 0.7145785399999807
3.1469999999998075 0.7146785299999807
3.1479999999998074 0.7147785199999807
3.1489999999998073 0.7148785099999807
3.149999999999807 0.7149784999999806
3.150999999999807 0.7150784899999807
3.151999999999807 0.7151784799999806
3.152999999999807 0.7152784699999806
3.1539999999998067 0.7153784599999806
3.1549999999998066 0.7154784499999806
3.1559999999998065 0.7155784399999806
3.1569999999998064 0.7156784299999805
3.1579999999998063 0.7157784199999806
3.158999999999806 0.7158784099999805
3.159999999999806 0.7159783999999806
3.160999999999806 0.7160783899999805
3.161999999999806 0.7161783799999805
3.1629999999998057 0.7162783699999805
3.1639999999998056 0.7163783599999805
3.1649999999998055 0.7164783499999805
3.1659999999998054 0.7165783399999804
3.1669999999998053 0.7166783299999805
3.167999999999805 0.7167783199999804
3.168999999999805 0.7168783099999805
3.169999999999805 0.7169782999999804
3.170999999999805 0.7170782899999805
3.1719999999998048 0.7171782799999804
3.1729999999998046 0.7172782699999803
3.1739999999998045 0.7173782599999804
3.1749999999998044 0.7174782499999803
3.1759999999998043 0.7175782399999804
3.176999999999804 0.7176782299999803
3.177999999999804 0.7177782199999804
3.178999999999804 0.7178782099999803
3.179999999999804 0.7179781999999804
3.1809999999998038 0.7180781899999803
3.1819999999998037 0.7181781799999803
3.1829999999998035 0.7182781699999803
3.1839999999998034 0.7183781599999802
3.1849999999998033 0.7184781499999803
3.185999999999803 0.7185781399999802
3.186999999999803 0.7186781299999803
3.187999999999803 0.7187781199999802
3.188999999999803 0.7188781099999803
3.1899999999998028 0.7189780999999802
3.1909999999998027 0.7190780899999802
3.1919999999998026 0.7191780799999802
3.1929999999998024 0.7192780699999802
3.1939999999998023 0.7193780599999802
3.194999999999802 0.7194780499999801
3.195999999999802 0.7195780399999802
3.196999999999802 0.7196780299999801
3.197999999999802 0.7197780199999801
3.198999999999802 0.7198780099999801
3.1999999999998017 0.7199779999999801
3.2009999999998016 0.7200779899999801
3.2019999999998014 0.7201779799999801
3.2029999999998013 0.7202779699999801
3.2039999999998012 0.72037795999998
3.204999999999801 0.72047794999998
3.205999999999801 0.72057793999998
3.206999999999801 0.72067792999998
3.207999999999801 0.72077791999998
3.2089999999998007 0.72087790999998
3.2099999999998006 0.72097789999998
3.2109999999998005 0.72107788999998
3.2119999999998003 0.72117787999998
3.2129999999998002 0.72127786999998
3.2139999999998 0.7213778599999799
3.2149999999998 0.7214778499999799
3.2159999999998 0.7215778399999799
3.2169999999998 0.7216778299999799
3.2179999999997997 0.7217778199999799
3.2189999999997996 0.7218778099999799
3.2199999999997995 0.7219777999999799
3.2209999999997994 0.7220777899999798
3.2219999999997992 0.7221777799999799
3.222999999999799 0.7222777699999798
3.223999999999799 0.7223777599999799
3.224999999999799 0.7224777499999798
3.225999999999799 0.7225777399999798
3.2269999999997987 0.7226777299999798
3.2279999999997986 0.7227777199999798
3.2289999999997985 0.7228777099999798
3.2299999999997984 0.7229776999999797
3.2309999999997983 0.7230776899999798
3.231999999999798 0.7231776799999797
3.232999999999798 0.7232776699999798
3.233999999999798 0.7233776599999797
3.234999999999798 0.7234776499999798
3.2359999999997977 0.7235776399999797
3.2369999999997976 0.7236776299999796
3.2379999999997975 0.7237776199999797
3.2389999999997974 0.7238776099999796
3.2399999999997973 0.7239775999999797
3.240999999999797 0.7240775899999796
3.241999999999797 0.7241775799999797
3.242999999999797 0.7242775699999796
3.243999999999797 0.7243775599999797
3.2449999999997967 0.7244775499999796
3.2459999999997966 0.7245775399999795
3.2469999999997965 0.7246775299999796
3.2479999999997964 0.7247775199999795
3.2489999999997963 0.7248775099999796
3.249999999999796 0.7249774999999795
3.250999999999796 0.7250774899999796
3.251999999999796 0.7251774799999795
3.252999999999796 0.7252774699999796
3.2539999999997957 0.7253774599999795
3.2549999999997956 0.7254774499999795
3.2559999999997955 0.7255774399999795
3.2569999999997954 0.7256774299999794
3.2579999999997953 0.7257774199999795
3.258999999999795 0.7258774099999794
3.259999999999795 0.7259773999999795
3.260999999999795 0.7260773899999794
3.261999999999795 0.7261773799999794
3.2629999999997947 0.7262773699999794
3.2639999999997946 0.7263773599999794
3.2649999999997945 0.7264773499999794
3.2659999999997944 0.7265773399999794
3.2669999999997943 0.7266773299999794
3.267999999999794 0.7267773199999793
3.268999999999794 0.7268773099999793
3.269999999999794 0.7269772999999793
3.270999999999794 0.7270772899999793
3.2719999999997937 0.7271772799999793
3.2729999999997936 0.7272772699999793
3.2739999999997935 0.7273772599999793
3.2749999999997934 0.7274772499999793
3.2759999999997933 0.7275772399999793
3.276999999999793 0.7276772299999793
3.277999999999793 0.7277772199999792
3.278999999999793 0.7278772099999792
3.279999999999793 0.7279771999999792
3.2809999999997927 0.7280771899999792
3.2819999999997926 0.7281771799999792
3.2829999999997925 0.7282771699999792
3.2839999999997924 0.7283771599999792
3.2849999999997923 0.7284771499999791
3.285999999999792 0.7285771399999792
3.286999999999792 0.7286771299999791
3.287999999999792 0.7287771199999791
3.288999999999792 0.7288771099999791
3.2899999999997918 0.7289770999999791
3.2909999999997916 0.7290770899999791
3.2919999999997915 0.729177079999979
3.2929999999997914 0.7292770699999791
3.2939999999997913 0.729377059999979
3.294999999999791 0.7294770499999791
3.295999999999791 0.729577039999979
3.296999999999791 0.7296770299999791
3.297999999999791 0.729777019999979
3.2989999999997908 0.729877009999979
3.2999999999997907 0.729976999999979
3.3009999999997905 0.7300769899999789
3.3019999999997904 0.730176979999979
3.3029999999997903 0.7302769699999789
3.30399999999979 0.730376959999979
3.30499999999979 0.7304769499999789
3.30599999999979 0.730576939999979
3.30699999999979 0.7306769299999789
3.3079999999997898 0.730776919999979
3.3089999999997897 0.7308769099999789
3.3099999999997896 0.7309768999999788
3.3109999999997894 0.7310768899999789
3.3119999999997893 0.7311768799999788
3.3129999999997892 0.7312768699999789
3.313999999999789 0.7313768599999788
3.314999999999789 0.7314768499999789
3.315999999999789 0.7315768399999788
3.316999999999789 0.7316768299999789
3.3179999999997887 0.7317768199999788
3.3189999999997886 0.7318768099999788
3.3199999999997885 0.7319767999999788
3.3209999999997883 0.7320767899999787
3.3219999999997882 0.7321767799999788
3.322999999999788 0.7322767699999787
3.323999999999788 0.7323767599999788
3.324999999999788 0.7324767499999787
3.325999999999788 0.7325767399999787
3.3269999999997877 0.7326767299999787
3.3279999999997876 0.7327767199999787
3.3289999999997875 0.7328767099999787
3.3299999999997874 0.7329766999999786
3.3309999999997872 0.7330766899999787
3.331999999999787 0.7331766799999786
3.332999999999787 0.7332766699999786
3.333999999999787 0.7333766599999786
3.334999999999787 0.7334766499999786
3.3359999999997867 0.7335766399999786
3.3369999999997866 0.7336766299999786
3.3379999999997865 0.7337766199999786
3.3389999999997864 0.7338766099999786
3.3399999999997863 0.7339765999999786
3.340999999999786 0.7340765899999785
3.341999999999786 0.7341765799999785
3.342999999999786 0.7342765699999785
3.343999999999786 0.7343765599999785
3.3449999999997857 0.7344765499999785
3.3459999999997856 0.7345765399999785
3.3469999999997855 0.7346765299999785
3.3479999999997854 0.7347765199999785
3.3489999999997853 0.7348765099999784
3.349999999999785 0.7349764999999785
3.350999999999785 0.7350764899999784
3.351999999999785 0.7351764799999784
3.352999999999785 0.7352764699999784
3.3539999999997847 0.7353764599999784
3.3549999999997846 0.7354764499999784
3.3559999999997845 0.7355764399999783
3.3569999999997844 0.7356764299999784
3.3579999999997843 0.7357764199999783
3.358999999999784 0.7358764099999784
3.359999999999784 0.7359763999999783
3.360999999999784 0.7360763899999783
3.361999999999784 0.7361763799999783
3.3629999999997837 0.7362763699999783
3.3639999999997836 0.7363763599999783
3.3649999999997835 0.7364763499999782
3.3659999999997834 0.7365763399999783
3.3669999999997833 0.7366763299999782
3.367999999999783 0.7367763199999783
3.368999999999783 0.7368763099999782
3.369999999999783 0.7369762999999783
3.370999999999783 0.7370762899999782
3.3719999999997827 0.7371762799999781
3.3729999999997826 0.7372762699999782
3.3739999999997825 0.7373762599999781
3.3749999999997824 0.7374762499999782
3.3759999999997823 0.7375762399999781
3.376999999999782 0.7376762299999782
3.377999999999782 0.7377762199999781
3.378999999999782 0.7378762099999782
3.379999999999782 0.7379761999999781
3.3809999999997817 0.7380761899999781
3.3819999999997816 0.7381761799999781
3.3829999999997815 0.738276169999978
3.3839999999997814 0.7383761599999781
3.3849999999997813 0.738476149999978
3.385999999999781 0.7385761399999781
3.386999999999781 0.738676129999978
3.387999999999781 0.738776119999978
3.388999999999781 0.738876109999978
3.3899999999997807 0.738976099999978
3.3909999999997806 0.739076089999978
3.3919999999997805 0.739176079999978
3.3929999999997804 0.739276069999978
3.3939999999997803 0.7393760599999779
3.39499999999978 0.739476049999978
3.39599999999978 0.7395760399999779
3.39699999999978 0.739676029999978
3.39799999999978 0.7397760199999779
3.3989999999997798 0.7398760099999779
3.3999999999997796 0.7399759999999779
3.4009999999997795 0.7400759899999779
3.4019999999997794 0.7401759799999779
3.4029999999997793 0.7402759699999778
3.403999999999779 0.7403759599999779
3.404999999999779 0.7404759499999778
3.405999999999779 0.7405759399999778
3.406999999999779 0.7406759299999778
3.4079999999997788 0.7407759199999778
3.4089999999997787 0.7408759099999778
3.4099999999997785 0.7409758999999778
3.4109999999997784 0.7410758899999778
3.4119999999997783 0.7411758799999778
3.412999999999778 0.7412758699999777
3.413999999999778 0.7413758599999777
3.414999999999778 0.7414758499999777
3.415999999999778 0.7415758399999777
3.4169999999997778 0.7416758299999777
3.4179999999997777 0.7417758199999777
3.4189999999997776 0.7418758099999777
3.4199999999997774 0.7419757999999776
3.4209999999997773 0.7420757899999777
3.421999999999777 0.7421757799999776
3.422999999999777 0.7422757699999777
3.423999999999777 0.7423757599999776
3.424999999999777 0.7424757499999776
3.425999999999777 0.7425757399999776
3.4269999999997767 0.7426757299999776
3.4279999999997766 0.7427757199999776
3.4289999999997764 0.7428757099999775
3.4299999999997763 0.7429756999999776
3.4309999999997762 0.7430756899999775
3.431999999999776 0.7431756799999776
3.432999999999776 0.7432756699999775
3.433999999999776 0.7433756599999776
3.434999999999776 0.7434756499999775
3.4359999999997757 0.7435756399999774
3.4369999999997756 0.7436756299999775
3.4379999999997755 0.7437756199999774
3.4389999999997753 0.7438756099999775
3.4399999999997752 0.7439755999999774
3.440999999999775 0.7440755899999775
3.441999999999775 0.7441755799999774
3.442999999999775 0.7442755699999775
3.443999999999775 0.7443755599999774
3.4449999999997747 0.7444755499999773
3.4459999999997746 0.7445755399999774
3.4469999999997745 0.7446755299999773
3.4479999999997744 0.7447755199999774
3.4489999999997742 0.7448755099999773
3.449999999999774 0.7449754999999774
3.450999999999774 0.7450754899999773
3.451999999999774 0.7451754799999774
3.452999999999774 0.7452754699999773
3.4539999999997737 0.7453754599999773
3.4549999999997736 0.7454754499999773
3.4559999999997735 0.7455754399999772
3.4569999999997734 0.7456754299999773
3.4579999999997733 0.7457754199999772
3.458999999999773 0.7458754099999773
3.459999999999773 0.7459753999999772
3.460999999999773 0.7460753899999772
3.461999999999773 0.7461753799999772
3.4629999999997727 0.7462753699999772
3.4639999999997726 0.7463753599999772
3.4649999999997725 0.7464753499999772
3.4659999999997724 0.7465753399999772
3.4669999999997723 0.7466753299999771
3.467999999999772 0.7467753199999771
3.468999999999772 0.7468753099999771
3.469999999999772 0.7469752999999771
3.470999999999772 0.7470752899999771
3.4719999999997717 0.7471752799999771
3.4729999999997716 0.7472752699999771
3.4739999999997715 0.7473752599999771
3.4749999999997714 0.747475249999977
3.4759999999997713 0.7475752399999771
3.476999999999771 0.747675229999977
3.477999999999771 0.747775219999977
3.478999999999771 0.747875209999977
3.479999999999771 0.747975199999977
3.4809999999997707 0.748075189999977
3.4819999999997706 0.748175179999977
3.4829999999997705 0.748275169999977
3.4839999999997704 0.748375159999977
3.4849999999997703 0.748475149999977
3.48599999999977 0.7485751399999769
3.48699999999977 0.7486751299999769
3.48799999999977 0.7487751199999769
3.48899999999977 0.7488751099999769
3.4899999999997697 0.7489750999999769
3.4909999999997696 0.7490750899999769
3.4919999999997695 0.7491750799999769
3.4929999999997694 0.7492750699999768
3.4939999999997693 0.7493750599999769
3.494999999999769 0.7494750499999768
3.495999999999769 0.7495750399999769
3.496999999999769 0.7496750299999768
3.497999999999769 0.7497750199999768
3.4989999999997687 0.7498750099999768
3.4999999999997686 0.7499749999999767
3.5009999999997685 0.7500749899999768
3.5019999999997684 0.7501749799999768
3.5029999999997683 0.7502749699999767
3.503999999999768 0.7503749599999767
3.504999999999768 0.7504749499999768
3.505999999999768 0.7505749399999768
3.506999999999768 0.7506749299999766
3.5079999999997677 0.7507749199999767
3.5089999999997676 0.7508749099999767
3.5099999999997675 0.7509748999999766
3.5109999999997674 0.7510748899999766
3.5119999999997673 0.7511748799999767
3.512999999999767 0.7512748699999767
3.513999999999767 0.7513748599999766
3.514999999999767 0.7514748499999766
3.515999999999767 0.7515748399999767
3.5169999999997668 0.7516748299999767
3.5179999999997666 0.7517748199999765
3.5189999999997665 0.7518748099999766
3.5199999999997664 0.7519747999999766
3.5209999999997663 0.7520747899999765
3.521999999999766 0.7521747799999765
3.522999999999766 0.7522747699999766
3.523999999999766 0.7523747599999766
3.524999999999766 0.7524747499999764
3.5259999999997658 0.7525747399999765
3.5269999999997657 0.7526747299999765
3.5279999999997655 0.7527747199999766
3.5289999999997654 0.7528747099999764
3.5299999999997653 0.7529746999999765
3.530999999999765 0.7530746899999765
3.531999999999765 0.7531746799999763
3.532999999999765 0.7532746699999764
3.533999999999765 0.7533746599999764
3.5349999999997648 0.7534746499999765
3.5359999999997647 0.7535746399999763
3.5369999999997646 0.7536746299999764
3.5379999999997644 0.7537746199999764
3.5389999999997643 0.7538746099999765
3.5399999999997642 0.7539745999999763
3.540999999999764 0.7540745899999763
3.541999999999764 0.7541745799999764
3.542999999999764 0.7542745699999762
3.543999999999764 0.7543745599999763
3.5449999999997637 0.7544745499999763
3.5459999999997636 0.7545745399999764
3.5469999999997635 0.7546745299999762
3.5479999999997633 0.7547745199999762
3.5489999999997632 0.7548745099999763
3.549999999999763 0.7549744999999761
3.550999999999763 0.7550744899999762
3.551999999999763 0.7551744799999762
3.552999999999763 0.7552744699999763
3.5539999999997627 0.7553744599999761
3.5549999999997626 0.7554744499999761
3.5559999999997625 0.7555744399999762
3.5569999999997624 0.7556744299999762
3.5579999999997622 0.7557744199999761
3.558999999999762 0.7558744099999761
3.559999999999762 0.7559743999999762
3.560999999999762 0.756074389999976
3.561999999999762 0.756174379999976
3.5629999999997617 0.7562743699999761
3.5639999999997616 0.7563743599999762
3.5649999999997615 0.756474349999976
3.5659999999997614 0.756574339999976
3.5669999999997613 0.7566743299999761
3.567999999999761 0.7567743199999761
3.568999999999761 0.756874309999976
3.569999999999761 0.756974299999976
3.570999999999761 0.7570742899999761
3.5719999999997607 0.7571742799999759
3.5729999999997606 0.7572742699999759
3.5739999999997605 0.757374259999976
3.5749999999997604 0.757474249999976
3.5759999999997603 0.7575742399999759
3.57699999999976 0.7576742299999759
3.57799999999976 0.757774219999976
3.57899999999976 0.757874209999976
3.57999999999976 0.7579741999999758
3.5809999999997597 0.7580741899999759
3.5819999999997596 0.7581741799999759
3.5829999999997595 0.7582741699999758
3.5839999999997594 0.7583741599999758
3.5849999999997593 0.7584741499999759
3.585999999999759 0.7585741399999759
3.586999999999759 0.7586741299999757
3.587999999999759 0.7587741199999758
3.588999999999759 0.7588741099999758
3.5899999999997587 0.7589740999999759
3.5909999999997586 0.7590740899999757
3.5919999999997585 0.7591740799999758
3.5929999999997584 0.7592740699999758
3.5939999999997583 0.7593740599999756
3.594999999999758 0.7594740499999757
3.595999999999758 0.7595740399999757
3.596999999999758 0.7596740299999758
3.597999999999758 0.7597740199999756
3.5989999999997577 0.7598740099999757
3.5999999999997576 0.7599739999999757
3.6009999999997575 0.7600739899999758
3.6019999999997574 0.7601739799999756
3.6029999999997573 0.7602739699999757
3.603999999999757 0.7603739599999757
3.604999999999757 0.7604739499999755
3.605999999999757 0.7605739399999756
3.606999999999757 0.7606739299999756
3.6079999999997567 0.7607739199999757
3.6089999999997566 0.7608739099999755
3.6099999999997565 0.7609738999999756
3.6109999999997564 0.7610738899999756
3.6119999999997563 0.7611738799999757
3.612999999999756 0.7612738699999755
3.613999999999756 0.7613738599999755
3.614999999999756 0.7614738499999756
3.615999999999756 0.7615738399999754
3.6169999999997557 0.7616738299999755
3.6179999999997556 0.7617738199999755
3.6189999999997555 0.7618738099999756
3.6199999999997554 0.7619737999999754
3.6209999999997553 0.7620737899999754
3.621999999999755 0.7621737799999755
3.622999999999755 0.7622737699999755
3.623999999999755 0.7623737599999754
3.624999999999755 0.7624737499999754
3.6259999999997548 0.7625737399999755
3.6269999999997546 0.7626737299999753
3.6279999999997545 0.7627737199999753
3.6289999999997544 0.7628737099999754
3.6299999999997543 0.7629736999999754
3.630999999999754 0.7630736899999753
3.631999999999754 0.7631736799999753
3.632999999999754 0.7632736699999754
3.633999999999754 0.7633736599999752
3.6349999999997538 0.7634736499999752
3.6359999999997537 0.7635736399999753
3.6369999999997535 0.7636736299999753
3.6379999999997534 0.7637736199999752
3.6389999999997533 0.7638736099999752
3.639999999999753 0.7639735999999753
3.640999999999753 0.7640735899999753
3.641999999999753 0.7641735799999751
3.642999999999753 0.7642735699999752
3.6439999999997528 0.7643735599999752
3.6449999999997527 0.7644735499999751
3.6459999999997525 0.7645735399999751
3.6469999999997524 0.7646735299999752
3.6479999999997523 0.7647735199999752
3.648999999999752 0.764873509999975
3.649999999999752 0.7649734999999751
3.650999999999752 0.7650734899999752
3.651999999999752 0.7651734799999752
3.652999999999752 0.765273469999975
3.6539999999997517 0.7653734599999751
3.6549999999997516 0.7654734499999751
3.6559999999997514 0.765573439999975
3.6569999999997513 0.765673429999975
3.6579999999997512 0.7657734199999751
3.658999999999751 0.7658734099999751
3.659999999999751 0.7659733999999749
3.660999999999751 0.766073389999975
3.661999999999751 0.766173379999975
3.6629999999997507 0.7662733699999751
3.6639999999997506 0.7663733599999749
3.6649999999997505 0.766473349999975
3.6659999999997503 0.766573339999975
3.6669999999997502 0.7666733299999748
3.66799999999975 0.7667733199999749
3.66899999999975 0.7668733099999749
3.66999999999975 0.766973299999975
3.67099999999975 0.7670732899999748
3.6719999999997497 0.7671732799999749
3.6729999999997496 0.7672732699999749
3.6739999999997495 0.767373259999975
3.6749999999997494 0.7674732499999748
3.6759999999997492 0.7675732399999748
3.676999999999749 0.7676732299999749
3.677999999999749 0.7677732199999747
3.678999999999749 0.7678732099999748
3.679999999999749 0.7679731999999748
3.6809999999997487 0.7680731899999749
3.6819999999997486 0.7681731799999747
3.6829999999997485 0.7682731699999747
3.6839999999997484 0.7683731599999748
3.6849999999997483 0.7684731499999748
3.685999999999748 0.7685731399999747
3.686999999999748 0.7686731299999747
3.687999999999748 0.7687731199999748
3.688999999999748 0.7688731099999746
3.6899999999997477 0.7689730999999747
3.6909999999997476 0.7690730899999747
3.6919999999997475 0.7691730799999748
3.6929999999997474 0.7692730699999746
3.6939999999997473 0.7693730599999746
3.694999999999747 0.7694730499999747
3.695999999999747 0.7695730399999747
3.696999999999747 0.7696730299999746
3.697999999999747 0.7697730199999746
3.6989999999997467 0.7698730099999747
3.6999999999997466 0.7699729999999745
3.7009999999997465 0.7700729899999745
3.7019999999997464 0.7701729799999746
3.7029999999997463 0.7702729699999746
3.703999999999746 0.7703729599999745
3.704999999999746 0.7704729499999745
3.705999999999746 0.7705729399999746
3.706999999999746 0.7706729299999744
3.7079999999997457 0.7707729199999744
3.7089999999997456 0.7708729099999745
3.7099999999997455 0.7709728999999745
3.7109999999997454 0.7710728899999744
3.7119999999997453 0.7711728799999744
3.712999999999745 0.7712728699999745
3.713999999999745 0.7713728599999745
3.714999999999745 0.7714728499999743
3.715999999999745 0.7715728399999744
3.7169999999997447 0.7716728299999744
3.7179999999997446 0.7717728199999743
3.7189999999997445 0.7718728099999743
3.7199999999997444 0.7719727999999744
3.7209999999997443 0.7720727899999744
3.721999999999744 0.7721727799999742
3.722999999999744 0.7722727699999743
3.723999999999744 0.7723727599999743
3.724999999999744 0.7724727499999744
3.7259999999997437 0.7725727399999742
3.7269999999997436 0.7726727299999743
3.7279999999997435 0.7727727199999743
3.7289999999997434 0.7728727099999742
3.7299999999997433 0.7729726999999742
3.730999999999743 0.7730726899999742
3.731999999999743 0.7731726799999743
3.732999999999743 0.7732726699999741
3.733999999999743 0.7733726599999742
3.7349999999997427 0.7734726499999742
3.7359999999997426 0.7735726399999743
3.7369999999997425 0.7736726299999741
3.7379999999997424 0.7737726199999742
3.7389999999997423 0.7738726099999742
3.739999999999742 0.773972599999974
3.740999999999742 0.7740725899999741
3.741999999999742 0.7741725799999741
3.742999999999742 0.7742725699999742
3.7439999999997418 0.774372559999974
3.7449999999997416 0.7744725499999741
3.7459999999997415 0.7745725399999741
3.7469999999997414 0.7746725299999742
3.7479999999997413 0.774772519999974
3.748999999999741 0.774872509999974
3.749999999999741 0.7749724999999741
3.750999999999741 0.7750724899999739
3.751999999999741 0.775172479999974
3.7529999999997408 0.775272469999974
3.7539999999997407 0.7753724599999741
3.7549999999997405 0.7754724499999739
3.7559999999997404 0.7755724399999739
3.7569999999997403 0.775672429999974
3.75799999999974 0.775772419999974
3.75899999999974 0.7758724099999739
3.75999999999974 0.7759723999999739
3.76099999999974 0.776072389999974
3.7619999999997398 0.7761723799999738
3.7629999999997397 0.7762723699999738
3.7639999999997396 0.7763723599999739
3.7649999999997394 0.7764723499999739
3.7659999999997393 0.7765723399999738
3.7669999999997392 0.7766723299999738
3.767999999999739 0.7767723199999739
3.768999999999739 0.7768723099999739
3.769999999999739 0.7769722999999737
3.770999999999739 0.7770722899999738
3.7719999999997387 0.7771722799999738
3.7729999999997386 0.7772722699999737
3.7739999999997385 0.7773722599999737
3.7749999999997383 0.7774722499999738
3.7759999999997382 0.7775722399999738
3.776999999999738 0.7776722299999737
3.777999999999738 0.7777722199999737
3.778999999999738 0.7778722099999738
3.779999999999738 0.7779721999999738
3.7809999999997377 0.7780721899999736
3.7819999999997376 0.7781721799999737
3.7829999999997375 0.7782721699999737
3.7839999999997374 0.7783721599999736
3.7849999999997372 0.7784721499999736
3.785999999999737 0.7785721399999737
3.786999999999737 0.7786721299999737
3.787999999999737 0.7787721199999735
3.788999999999737 0.7788721099999736
3.7899999999997367 0.7789720999999736
3.7909999999997366 0.7790720899999735
3.7919999999997365 0.7791720799999735
3.7929999999997364 0.7792720699999736
3.7939999999997363 0.7793720599999736
3.794999999999736 0.7794720499999734
3.795999999999736 0.7795720399999735
3.796999999999736 0.7796720299999735
3.797999999999736 0.7797720199999736
3.7989999999997357 0.7798720099999734
3.7999999999997356 0.7799719999999735
3.8009999999997355 0.7800719899999735
3.8019999999997354 0.7801719799999733
3.8029999999997353 0.7802719699999734
3.803999999999735 0.7803719599999734
3.804999999999735 0.7804719499999735
3.805999999999735 0.7805719399999733
3.806999999999735 0.7806719299999734
3.8079999999997347 0.7807719199999734
3.8089999999997346 0.7808719099999735
3.8099999999997345 0.7809718999999733
3.8109999999997344 0.7810718899999733
3.8119999999997343 0.7811718799999734
3.812999999999734 0.7812718699999732
3.813999999999734 0.7813718599999733
3.814999999999734 0.7814718499999733
3.815999999999734 0.7815718399999734
3.8169999999997337 0.7816718299999732
3.8179999999997336 0.7817718199999732
3.8189999999997335 0.7818718099999733
3.8199999999997334 0.7819717999999733
3.8209999999997333 0.7820717899999732
3.821999999999733 0.7821717799999732
3.822999999999733 0.7822717699999733
3.823999999999733 0.7823717599999731
3.824999999999733 0.7824717499999732
3.8259999999997327 0.7825717399999732
3.8269999999997326 0.7826717299999733
3.8279999999997325 0.7827717199999731
3.8289999999997324 0.7828717099999731
3.8299999999997323 0.7829716999999732
3.830999999999732 0.7830716899999732
3.831999999999732 0.7831716799999731
3.832999999999732 0.7832716699999731
3.833999999999732 0.7833716599999732
3.8349999999997317 0.783471649999973
3.8359999999997316 0.783571639999973
3.8369999999997315 0.7836716299999731
3.8379999999997314 0.7837716199999731
3.8389999999997313 0.783871609999973
3.839999999999731 0.783971599999973
3.840999999999731 0.7840715899999731
3.841999999999731 0.7841715799999731
3.842999999999731 0.7842715699999729
3.8439999999997307 0.784371559999973
3.8449999999997306 0.784471549999973
3.8459999999997305 0.7845715399999729
3.8469999999997304 0.7846715299999729
3.8479999999997303 0.784771519999973
3.84899999999973 0.784871509999973
3.84999999999973 0.7849714999999728
3.85099999999973 0.7850714899999729
3.85199999999973 0.7851714799999729
3.8529999999997298 0.785271469999973
3.8539999999997296 0.7853714599999728
3.8549999999997295 0.7854714499999729
3.8559999999997294 0.7855714399999729
3.8569999999997293 0.7856714299999727
3.857999999999729 0.7857714199999728
3.858999999999729 0.7858714099999728
3.859999999999729 0.7859713999999729
3.860999999999729 0.7860713899999727
3.8619999999997288 0.7861713799999728
3.8629999999997287 0.7862713699999728
3.8639999999997285 0.7863713599999729
3.8649999999997284 0.7864713499999727
3.8659999999997283 0.7865713399999728
3.866999999999728 0.7866713299999728
3.867999999999728 0.7867713199999726
3.868999999999728 0.7868713099999727
3.869999999999728 0.7869712999999727
3.8709999999997278 0.7870712899999728
3.8719999999997277 0.7871712799999726
3.8729999999997275 0.7872712699999727
3.8739999999997274 0.7873712599999727
3.8749999999997273 0.7874712499999725
3.875999999999727 0.7875712399999726
3.876999999999727 0.7876712299999726
3.877999999999727 0.7877712199999727
3.878999999999727 0.7878712099999725
3.879999999999727 0.7879711999999726
3.8809999999997267 0.7880711899999726
3.8819999999997266 0.7881711799999727
3.8829999999997264 0.7882711699999725
3.8839999999997263 0.7883711599999725
3.8849999999997262 0.7884711499999726
3.885999999999726 0.7885711399999724
3.886999999999726 0.7886711299999725
3.887999999999726 0.7887711199999725
3.888999999999726 0.7888711099999726
3.8899999999997257 0.7889710999999724
3.8909999999997256 0.7890710899999724
3.8919999999997255 0.7891710799999725
3.8929999999997253 0.7892710699999725
3.8939999999997252 0.7893710599999724
3.894999999999725 0.7894710499999724
3.895999999999725 0.7895710399999725
3.896999999999725 0.7896710299999723
3.897999999999725 0.7897710199999723
3.8989999999997247 0.7898710099999724
3.8999999999997246 0.7899709999999724
3.9009999999997245 0.7900709899999723
3.9019999999997244 0.7901709799999723
3.9029999999997242 0.7902709699999724
3.903999999999724 0.7903709599999724
3.904999999999724 0.7904709499999722
3.905999999999724 0.7905709399999723
3.906999999999724 0.7906709299999723
3.9079999999997237 0.7907709199999722
3.9089999999997236 0.7908709099999722
3.9099999999997235 0.7909708999999723
3.9109999999997234 0.7910708899999723
3.9119999999997233 0.7911708799999722
3.912999999999723 0.7912708699999722
3.913999999999723 0.7913708599999723
3.914999999999723 0.7914708499999723
3.915999999999723 0.7915708399999721
3.9169999999997227 0.7916708299999722
3.9179999999997226 0.7917708199999722
3.9189999999997225 0.7918708099999721
3.9199999999997224 0.7919707999999721
3.9209999999997223 0.7920707899999722
3.921999999999722 0.7921707799999722
3.922999999999722 0.792270769999972
3.923999999999722 0.7923707599999721
3.924999999999722 0.7924707499999721
3.9259999999997217 0.7925707399999722
3.9269999999997216 0.792670729999972
3.9279999999997215 0.7927707199999721
3.9289999999997214 0.7928707099999721
3.9299999999997213 0.7929706999999719
3.930999999999721 0.793070689999972
3.931999999999721 0.793170679999972
3.932999999999721 0.7932706699999721
3.933999999999721 0.7933706599999719
3.9349999999997207 0.793470649999972
3.9359999999997206 0.793570639999972
3.9369999999997205 0.7936706299999721
3.9379999999997204 0.7937706199999719
3.9389999999997203 0.7938706099999719
3.93999999999972 0.793970599999972
3.94099999999972 0.7940705899999718
3.94199999999972 0.7941705799999719
3.94299999999972 0.7942705699999719
3.9439999999997197 0.794370559999972
3.9449999999997196 0.7944705499999718
3.9459999999997195 0.7945705399999718
3.9469999999997194 0.7946705299999719
3.9479999999997193 0.794770519999972
3.948999999999719 0.7948705099999718
3.949999999999719 0.7949704999999718
3.950999999999719 0.7950704899999719
3.951999999999719 0.7951704799999717
3.9529999999997187 0.7952704699999718
3.9539999999997186 0.7953704599999718
3.9549999999997185 0.7954704499999719
3.9559999999997184 0.7955704399999717
3.9569999999997183 0.7956704299999717
3.957999999999718 0.7957704199999718
3.958999999999718 0.7958704099999716
3.959999999999718 0.7959703999999717
3.960999999999718 0.7960703899999717
3.9619999999997177 0.7961703799999718
3.9629999999997176 0.7962703699999716
3.9639999999997175 0.7963703599999716
3.9649999999997174 0.7964703499999717
3.9659999999997173 0.7965703399999717
3.966999999999717 0.7966703299999716
3.967999999999717 0.7967703199999716
3.968999999999717 0.7968703099999717
3.969999999999717 0.7969702999999715
3.9709999999997168 0.7970702899999715
3.9719999999997166 0.7971702799999716
3.9729999999997165 0.7972702699999716
3.9739999999997164 0.7973702599999715
3.9749999999997163 0.7974702499999715
3.975999999999716 0.7975702399999716
3.976999999999716 0.7976702299999716
3.977999999999716 0.7977702199999714
3.978999999999716 0.7978702099999715
3.9799999999997158 0.7979701999999715
3.9809999999997157 0.7980701899999714
3.9819999999997155 0.7981701799999714
3.9829999999997154 0.7982701699999715
3.9839999999997153 0.7983701599999715
3.984999999999715 0.7984701499999713
3.985999999999715 0.7985701399999714
3.986999999999715 0.7986701299999714
3.987999999999715 0.7987701199999715
3.9889999999997148 0.7988701099999713
3.9899999999997147 0.7989700999999714
3.9909999999997146 0.7990700899999714
3.9919999999997144 0.7991700799999713
3.9929999999997143 0.7992700699999713
3.9939999999997142 0.7993700599999713
3.994999999999714 0.7994700499999714
3.995999999999714 0.7995700399999712
3.996999999999714 0.7996700299999713
3.997999999999714 0.7997700199999713
3.9989999999997137 0.7998700099999714
3.9999999999997136 0.7999699999999712
